1.000000
1.000000
1.000000
1.000000
1.000000
1.000000
1.000000
1.000000
1.000000
1.000000
1.000000
1.000000
1.000000
1.000000
1.000000
1.000000
1.000000
1.000000
1.000000
1.000000
1.000000
0.420969
0.436753
0.474152
0.474152
0.436753
0.463794
0.463794
0.494502
0.474152
0.394148
0.463794
0.436753
0.436753
0.329277
0.394148
0.494502
0.463794
0.482654
0.482654
0.463794
0.394148
0.494502
0.507927
0.510864
0.482654
0.507927
0.494502
0.526082
0.510864
0.507927
0.507927
0.529875
0.526082
0.529875
0.507927
0.482654
0.571972
0.526082
0.529875
0.529875
0.582764
0.571972
0.647644
0.571972
0.582764
0.482654
0.505764
0.529875
0.582764
0.529875
0.505764
0.582764
0.711017
0.647644
0.787376
0.647644
0.711017
0.505764
0.550802
0.582764
0.711017
0.582764
0.550802
0.505764
0.482654
0.409134
0.394148
0.409134
0.482654
0.550802
0.505764
0.462658
0.409134
0.462658
0.505764
0.409134
0.394148
0.250254
0.250254
0.394148
0.329277
0.462658
0.409134
0.247501
0.250254
0.247501
0.409134
0.329277
0.237472
0.250254
0.249592
0.237472
0.329277
0.237472
0.249592
0.140825
0.140825
0.137467
0.237472
0.250254
0.237472
0.137467
0.137467
0.136450
0.250254
0.247501
0.250254
0.136450
0.136450
0.137467
0.092459
0.054515
0.053621
0.092459
0.092459
0.093084
0.136450
0.093084
0.092459
0.053621
0.136450
0.142066
0.247501
0.142066
0.136450
0.093084
0.053621
0.051490
0.093084
0.051490
0.053621
0.093084
0.095299
0.142066
0.095299
0.093084
0.051490
0.002075
0.051490
0.002075
0.050922
0.051490
0.002075
0.051490
0.050922
0.095299
0.002075
0.003182
0.050922
0.003182
0.002075
0.095299
0.050922
0.062179
0.003182
0.019968
0.050922
0.019968
0.062179
0.050922
0.003182
0.019968
0.003182
0.019968
0.010388
0.010388
0.019968
0.010388
0.054472
0.019968
0.010388
0.062179
0.019968
0.054472
0.028126
0.010388
0.010388
0.077370
0.054472
0.077370
0.010388
0.028126
0.054472
0.106472
0.062179
0.106472
0.054472
0.077370
0.028126
0.028126
0.096827
0.077370
0.028126
0.048338
0.096827
0.028126
0.048338
0.077370
0.096827
0.194753
0.096827
0.048338
0.124905
0.194753
0.096827
0.124905
0.048338
0.036726
0.194753
0.186094
0.077370
0.077370
0.186094
0.106472
0.110757
0.124905
0.048338
0.048338
0.036726
0.110757
0.215645
0.194753
0.124905
0.124905
0.110757
0.207887
0.207887
0.215645
0.124905
0.194753
0.215645
0.368859
0.215645
0.207887
0.356997
0.356997
0.368859
0.215645
0.373866
0.194753
0.368859
0.186094
0.194753
0.373866
0.598732
0.373866
0.368859
0.373866
0.440847
0.186094
0.598732
0.440847
0.373866
0.587371
0.368859
0.356997
0.368859
0.587371
0.598732
0.440847
0.341740
0.186094
0.186094
0.341740
0.245051
0.106472
0.186094
0.245051
0.341740
0.440847
0.657044
0.245051
0.177411
0.106472
0.245051
0.341740
0.521543
0.657044
0.521543
0.341740
0.177411
0.245051
0.343786
0.521543
0.343786
0.245051
0.106472
0.177411
0.124253
0.124253
0.062179
0.106472
0.062179
0.124253
0.095299
0.142066
0.095299
0.124253
0.124253
0.177411
0.234482
0.343786
0.234482
0.177411
0.124253
0.172138
0.142066
0.234482
0.172138
0.124253
0.247501
0.142066
0.172138
0.234482
0.343786
0.448538
0.172138
0.269514
0.247501
0.247501
0.269514
0.462658
0.172138
0.234482
0.336033
0.336033
0.269514
0.172138
0.448538
0.336033
0.234482
0.528654
0.462658
0.269514
0.269514
0.336033
0.528654
0.462658
0.528654
0.550802
0.336033
0.448538
0.647699
0.647699
0.528654
0.336033
0.611141
0.550802
0.528654
0.528654
0.647699
0.611141
0.550802
0.611141
0.711017
0.635263
0.448538
0.343786
0.647699
0.448538
0.635263
0.343786
0.521543
0.635263
0.799488
0.711017
0.611141
0.711017
0.799488
0.787376
0.746855
0.611141
0.647699
0.611141
0.746855
0.799488
0.787376
0.799488
0.851731
0.851731
0.799488
0.746855
0.851731
0.879493
0.787376
0.647699
0.742686
0.746855
0.635263
0.742686
0.647699
0.746855
0.828413
0.851731
0.828413
0.746855
0.742686
0.891938
0.879493
0.851731
0.891938
0.851731
0.828413
0.915078
0.879493
0.891938
0.742686
0.809352
0.828413
0.809352
0.742686
0.635263
0.828413
0.873787
0.891938
0.873787
0.828413
0.809352
0.891938
0.916353
0.915078
0.916353
0.891938
0.873787
0.941315
0.915078
0.916353
0.635263
0.766962
0.809352
0.766962
0.635263
0.521543
0.521543
0.657044
0.766962
0.856571
0.809352
0.766962
0.809352
0.856571
0.873787
0.817574
0.766962
0.657044
0.766962
0.817574
0.856571
0.906586
0.873787
0.856571
0.873787
0.906586
0.916353
0.888317
0.856571
0.817574
0.856571
0.888317
0.906586
0.916353
0.939616
0.941315
0.954268
0.941315
0.939616
0.916353
0.906586
0.926991
0.926991
0.939616
0.916353
0.939886
0.926991
0.906586
0.939616
0.926991
0.939886
0.939616
0.949467
0.954268
0.939886
0.949467
0.939616
0.999607
0.954268
0.949467
0.906586
0.932508
0.939886
0.932508
0.906586
0.888317
0.949467
0.997412
0.999607
1.000000
0.999607
0.997412
0.949467
0.939886
0.990837
0.990837
0.997412
0.949467
0.990837
0.939886
0.932508
0.997412
1.000000
1.000000
1.000000
0.997412
0.990837
1.000000
1.000000
1.000000
0.932508
0.976550
0.990837
1.000000
1.000000
1.000000
0.990837
1.000000
1.000000
1.000000
1.000000
1.000000
1.000000
0.990837
0.976550
1.000000
1.000000
1.000000
1.000000
1.000000
1.000000
1.000000
1.000000
1.000000
1.000000
1.000000
1.000000
1.000000
1.000000
1.000000
1.000000
1.000000
1.000000
1.000000
1.000000
1.000000
1.000000
1.000000
1.000000
1.000000
1.000000
1.000000
1.000000
1.000000
1.000000
1.000000
1.000000
1.000000
1.000000
1.000000
1.000000
1.000000
1.000000
1.000000
1.000000
1.000000
1.000000
1.000000
1.000000
1.000000
1.000000
1.000000
1.000000
1.000000
1.000000
1.000000
1.000000
1.000000
1.000000
1.000000
1.000000
1.000000
1.000000
1.000000
1.000000
1.000000
1.000000
1.000000
1.000000
1.000000
1.000000
1.000000
1.000000
1.000000
1.000000
1.000000
0.995766
0.995766
0.996764
1.000000
0.996764
0.987073
0.991011
0.991011
0.987073
0.985860
0.995766
0.987073
0.996764
0.985860
0.987073
0.981388
0.990940
0.985860
0.981388
0.969204
0.987073
0.995766
0.995766
0.978835
0.969204
0.995766
1.000000
0.978835
0.981388
0.981926
0.990940
0.978835
1.000000
0.988180
1.000000
0.988180
1.000000
0.981388
0.970485
0.981926
0.981388
0.987073
0.970485
0.988180
1.000000
0.968182
0.970485
0.987073
0.959764
0.969204
0.959764
0.987073
0.968182
0.942513
0.988180
0.978835
0.988180
0.942513
0.990241
0.968182
1.000000
1.000000
1.000000
0.990241
0.990241
1.000000
1.000000
0.978835
0.931909
0.969204
0.942513
0.931909
0.978835
1.000000
1.000000
0.990241
1.000000
1.000000
1.000000
1.000000
1.000000
1.000000
0.976550
1.000000
1.000000
0.950577
0.990241
1.000000
1.000000
0.976550
0.950577
0.929305
0.968182
0.990241
0.990241
0.950577
0.929305
0.942513
0.968182
0.929305
0.918619
0.950577
0.976550
0.976550
0.932508
0.918619
0.918619
0.932508
0.888317
0.950577
0.918619
0.885425
0.885425
0.929305
0.950577
0.888317
0.872058
0.918619
0.885425
0.918619
0.872058
0.817574
0.872058
0.888317
0.872058
0.844879
0.885425
0.844879
0.872058
0.817574
0.929305
0.885425
0.837008
0.837008
0.885425
0.844879
0.817574
0.750495
0.844879
0.844879
0.750495
0.837008
0.657044
0.750495
0.817574
0.660217
0.750495
0.657044
0.837008
0.750495
0.660217
0.657044
0.440847
0.660217
0.660217
0.440847
0.598732
0.660217
0.781557
0.837008
0.781557
0.660217
0.598732
0.837008
0.897324
0.929305
0.897324
0.837008
0.781557
0.929305
0.897324
0.942513
0.931909
0.942513
0.897324
0.781557
0.873236
0.897324
0.897324
0.873236
0.931909
0.598732
0.754350
0.781557
0.873236
0.781557
0.754350
0.754350
0.598732
0.587371
0.916347
0.931909
0.873236
0.754350
0.857537
0.873236
0.873236
0.857537
0.916347
0.932577
0.931909
0.916347
0.969204
0.931909
0.932577
0.959764
0.969204
0.932577
0.916347
0.930179
0.932577
0.932577
0.930179
0.959764
0.914940
0.916347
0.857537
0.930179
0.916347
0.914940
0.842308
0.857537
0.754350
0.857537
0.842308
0.914940
0.947766
0.959764
0.930179
0.959764
0.947766
0.970485
0.914940
0.921775
0.930179
0.930179
0.921775
0.947766
0.947766
0.921775
0.914940
0.754350
0.723937
0.842308
0.723937
0.754350
0.587371
0.914940
0.945596
0.947766
0.733438
0.723937
0.587371
0.947766
0.945596
0.962677
0.962677
0.970485
0.947766
0.941089
0.945596
0.914940
0.962677
0.945596
0.941089
0.970485
0.962677
0.961970
0.941089
0.961970
0.962677
0.961970
0.981926
0.970485
0.914940
0.910218
0.941089
0.910218
0.914940
0.842308
0.979414
0.981926
0.961970
0.842308
0.842180
0.910218
0.842180
0.842308
0.723937
0.723937
0.733438
0.842180
0.907373
0.910218
0.842180
0.910218
0.907373
0.941089
0.841419
0.842180
0.733438
0.842180
0.841419
0.907373
0.962091
0.961970
0.941089
0.961970
0.962091
0.979414
0.941089
0.907373
0.935236
0.941089
0.935236
0.962091
0.933414
0.935236
0.907373
0.958743
0.962091
0.935236
0.935236
0.933414
0.958743
0.977300
0.979414
0.962091
0.962091
0.958743
0.977300
0.981926
0.979414
0.987028
0.979414
0.977300
0.987028
0.976055
0.977300
0.958743
0.983422
0.987028
0.977300
0.986761
0.987028
0.983422
0.977300
0.976055
0.983422
0.986761
0.989489
0.996188
0.986761
0.983422
0.989489
0.983422
0.976055
0.977707
0.989489
0.983422
0.977707
0.958743
0.957332
0.976055
0.977707
0.976055
0.957332
0.957332
0.958743
0.933414
0.977707
0.981716
0.989489
1.000000
0.989489
0.981716
0.981716
0.994265
1.000000
1.000000
1.000000
0.994265
0.994265
1.000000
1.000000
1.000000
1.000000
1.000000
1.000000
1.000000
1.000000
1.000000
1.000000
1.000000
1.000000
1.000000
1.000000
1.000000
1.000000
1.000000
1.000000
1.000000
1.000000
1.000000
1.000000
1.000000
1.000000
1.000000
1.000000
1.000000
1.000000
0.998741
1.000000
1.000000
1.000000
0.998741
1.000000
1.000000
1.000000
1.000000
1.000000
1.000000
1.000000
1.000000
1.000000
1.000000
1.000000
1.000000
1.000000
1.000000
1.000000
1.000000
1.000000
1.000000
1.000000
1.000000
1.000000
1.000000
1.000000
1.000000
1.000000
1.000000
1.000000
1.000000
1.000000
1.000000
1.000000
1.000000
1.000000
1.000000
1.000000
1.000000
1.000000
1.000000
1.000000
1.000000
1.000000
1.000000
1.000000
1.000000
1.000000
1.000000
1.000000
1.000000
1.000000
1.000000
1.000000
1.000000
1.000000
1.000000
1.000000
1.000000
1.000000
1.000000
1.000000
1.000000
1.000000
1.000000
1.000000
1.000000
1.000000
1.000000
1.000000
0.971541
0.971541
0.963607
1.000000
0.963607
0.971541
0.951057
0.951057
0.946639
0.963607
0.914827
0.946639
0.951057
0.940062
0.951057
0.971541
0.951057
0.923628
0.914827
0.885844
0.914827
0.923628
0.923628
0.951057
0.940062
0.923628
0.900462
0.885844
0.862019
0.811100
0.885844
0.885844
0.900462
0.862019
0.774078
0.652198
0.811100
0.652198
0.774078
0.564966
0.811100
0.862019
0.774078
0.774078
0.570993
0.564966
0.521035
0.564966
0.570993
0.570993
0.510232
0.521035
0.504574
0.521035
0.510232
0.570993
0.774078
0.736521
0.504574
0.488886
0.497547
0.736521
0.538342
0.570993
0.510232
0.570993
0.538342
0.815629
0.736521
0.774078
0.774078
0.862019
0.815629
0.510232
0.482579
0.504574
0.488886
0.504574
0.482579
0.482579
0.510232
0.459775
0.538342
0.459775
0.510232
0.482579
0.459082
0.488886
0.538342
0.736521
0.620074
0.620074
0.736521
0.815629
0.459775
0.538342
0.399398
0.620074
0.399398
0.538342
0.459775
0.421674
0.482579
0.459082
0.482579
0.421674
0.399398
0.287887
0.459775
0.421674
0.459775
0.287887
0.399398
0.620074
0.316326
0.287887
0.399398
0.227638
0.316326
0.227638
0.399398
0.815629
0.713331
0.620074
0.316326
0.620074
0.713331
0.860346
0.815629
0.862019
0.713331
0.815629
0.860346
0.862019
0.900462
0.860346
0.898240
0.860346
0.900462
0.900462
0.923628
0.898240
0.860346
0.751840
0.713331
0.898240
0.751840
0.860346
0.898240
0.923628
0.921230
0.940062
0.921230
0.923628
0.813697
0.898240
0.921230
0.813697
0.751840
0.898240
0.865927
0.921230
0.940062
0.921230
0.865927
0.813697
0.392641
0.713331
0.751840
0.713331
0.392641
0.316326
0.751840
0.813697
0.675076
0.751840
0.491402
0.392641
0.675076
0.491402
0.751840
0.813697
0.865927
0.775869
0.775869
0.675076
0.813697
0.775869
0.865927
0.882562
0.940062
0.882562
0.865927
0.675076
0.775869
0.634941
0.882562
0.822312
0.775869
0.634941
0.775869
0.822312
0.934089
0.882562
0.940062
0.675076
0.634941
0.375889
0.375889
0.491402
0.675076
0.940062
0.950372
0.934089
0.971541
0.950372
0.940062
0.950372
0.971541
1.000000
0.934089
0.950372
0.971985
1.000000
0.971985
0.950372
0.992126
0.971985
1.000000
0.934089
0.971985
0.992126
1.000000
0.992126
1.000000
0.882562
0.934089
0.919727
0.992126
0.919727
0.934089
0.882562
0.919727
0.822312
0.960412
0.992126
1.000000
0.960412
0.919727
0.992126
0.883016
0.822312
0.919727
0.883016
0.919727
0.960412
1.000000
1.000000
0.960412
1.000000
1.000000
1.000000
1.000000
1.000000
1.000000
0.932805
0.960412
1.000000
0.960412
0.932805
0.883016
0.980823
1.000000
1.000000
1.000000
0.980823
0.932805
1.000000
1.000000
0.980823
0.849104
0.883016
0.932805
0.961591
0.980823
1.000000
1.000000
0.998741
0.961591
0.921375
0.932805
0.980823
0.980823
0.961591
0.921375
0.932805
0.921375
0.849104
0.954527
0.961591
0.998741
0.916199
0.921375
0.961591
0.961591
0.954527
0.916199
0.843252
0.849104
0.921375
0.921375
0.916199
0.843252
0.883016
0.849104
0.780076
0.849104
0.843252
0.780076
0.780076
0.822312
0.883016
0.822312
0.780076
0.634941
0.616411
0.634941
0.780076
0.634941
0.616411
0.375889
0.843252
0.739998
0.780076
0.780076
0.739998
0.616411
0.731637
0.739998
0.843252
0.620878
0.616411
0.739998
0.739998
0.731637
0.620878
0.616411
0.354546
0.375889
0.843252
0.840888
0.731637
0.840888
0.843252
0.916199
0.354196
0.354546
0.616411
0.616411
0.620878
0.354196
0.354546
0.270133
0.375889
0.270133
0.354546
0.354196
0.375889
0.270133
0.196122
0.354196
0.179066
0.270133
0.196122
0.270133
0.179066
0.346608
0.354196
0.620878
0.179066
0.354196
0.346608
0.196122
0.272373
0.375889
0.491402
0.375889
0.272373
0.272373
0.392641
0.491402
0.196122
0.179066
0.114421
0.392641
0.272373
0.207601
0.207601
0.316326
0.392641
0.272373
0.196122
0.146673
0.146673
0.207601
0.272373
0.114421
0.146673
0.196122
0.316326
0.207601
0.143778
0.143778
0.227638
0.316326
0.207601
0.146673
0.097425
0.097425
0.143778
0.207601
0.146673
0.114421
0.066657
0.066657
0.097425
0.146673
0.170143
0.227638
0.143778
0.227638
0.170143
0.287887
0.110194
0.143778
0.097425
0.143778
0.110194
0.170143
0.097425
0.065272
0.110194
0.065272
0.097425
0.066657
0.110194
0.097195
0.170143
0.097195
0.110194
0.065272
0.257400
0.287887
0.170143
0.287887
0.257400
0.421674
0.145868
0.170143
0.097195
0.170143
0.145868
0.257400
0.065272
0.050597
0.097195
0.097195
0.084286
0.145868
0.084286
0.097195
0.050597
0.257400
0.145868
0.141225
0.145868
0.084286
0.084268
0.084268
0.141225
0.145868
0.421674
0.257400
0.258755
0.141225
0.258755
0.257400
0.258755
0.391238
0.421674
0.421674
0.391238
0.459082
0.258755
0.141225
0.139762
0.391238
0.258755
0.246233
0.139762
0.246233
0.258755
0.436542
0.459082
0.391238
0.084440
0.139762
0.141225
0.141225
0.084268
0.084440
0.139762
0.084440
0.081287
0.030927
0.084440
0.084268
0.246233
0.375561
0.391238
0.391238
0.375561
0.436542
0.459082
0.436542
0.469239
0.469239
0.488886
0.459082
0.497547
0.488886
0.469239
0.084268
0.034304
0.030927
0.030927
0.034304
0.034304
0.084268
0.084286
0.084286
0.035608
0.034304
0.050597
0.035608
0.084286
0.034304
0.034304
0.035608
0.035608
0.035608
0.050597
0.001644
0.001644
0.035608
0.001644
0.001644
0.001644
0.029187
0.029187
0.001644
0.050597
0.050597
0.065272
0.029187
0.066657
0.029187
0.065272
0.029187
0.066657
0.033700
0.029187
0.033700
0.029187
0.097049
0.033700
0.066657
0.114421
0.097049
0.066657
0.179066
0.097049
0.114421
0.033700
0.024074
0.024074
0.033700
0.097049
0.024074
0.024074
0.036726
0.028335
0.028335
0.036726
0.024074
0.028335
0.036726
0.028335
0.091820
0.091820
0.110757
0.036726
0.028335
0.024074
0.085985
0.085985
0.091820
0.028335
0.097049
0.085985
0.024074
0.110757
0.091820
0.192702
0.176365
0.085985
0.097049
0.091820
0.085985
0.176365
0.176365
0.192702
0.091820
0.097049
0.179066
0.176365
0.192702
0.207887
0.110757
0.346608
0.176365
0.179066
0.192702
0.176365
0.346608
0.207887
0.192702
0.351191
0.346608
0.351191
0.192702
0.351191
0.356997
0.207887
0.351191
0.346608
0.614132
0.620878
0.614132
0.346608
0.614132
0.620878
0.731637
0.356997
0.351191
0.564204
0.614132
0.564204
0.351191
0.564204
0.561494
0.356997
0.356997
0.561494
0.587371
0.587371
0.561494
0.733438
0.561494
0.564204
0.735251
0.735251
0.733438
0.561494
0.735251
0.564204
0.614132
0.733438
0.735251
0.841419
0.731637
0.723350
0.614132
0.614132
0.723350
0.735251
0.731637
0.840888
0.723350
0.735251
0.723350
0.830572
0.830572
0.841419
0.735251
0.830572
0.723350
0.840888
0.841419
0.830572
0.898218
0.898218
0.907373
0.841419
0.907373
0.898218
0.933414
0.840888
0.872460
0.830572
0.872460
0.898218
0.830572
0.934735
0.933414
0.898218
0.933414
0.934735
0.957332
0.898218
0.906255
0.934735
0.906255
0.898218
0.872460
0.957332
0.934735
0.937515
0.906255
0.937515
0.934735
0.937515
0.959019
0.957332
0.957332
0.959019
0.977707
0.959019
0.964740
0.977707
0.981716
0.977707
0.964740
0.943300
0.964740
0.959019
0.959019
0.937515
0.943300
0.964740
0.969308
0.981716
0.969308
0.964740
0.943300
0.994265
0.981716
0.969308
0.912525
0.943300
0.937515
0.969308
0.980201
0.994265
1.000000
0.994265
0.980201
0.943300
0.942866
0.969308
0.980201
0.969308
0.942866
0.943300
0.912525
0.942866
0.980201
0.989566
1.000000
1.000000
1.000000
0.989566
0.989566
0.998741
1.000000
0.998741
0.989566
0.954527
0.989566
0.980201
0.950434
0.950434
0.954527
0.989566
0.942866
0.950434
0.980201
0.916199
0.954527
0.950434
0.912817
0.950434
0.942866
0.950434
0.912817
0.916199
0.942866
0.912525
0.912817
0.916199
0.912817
0.840888
0.892619
0.840888
0.912817
0.912817
0.912525
0.892619
0.872460
0.840888
0.892619
0.892619
0.912525
0.910404
0.937515
0.910404
0.912525
0.910404
0.937515
0.906255
0.872460
0.892619
0.891656
0.910404
0.891656
0.892619
0.872460
0.884724
0.906255
0.910404
0.906255
0.884724
0.891656
0.884724
0.872460
0.884724
0.891656
0.910404
1.000000
1.000000
1.000000
1.000000
1.000000
1.000000
1.000000
1.000000
1.000000
1.000000
1.000000
1.000000
1.000000
1.000000
1.000000
1.000000
1.000000
1.000000
1.000000
1.000000
1.000000
1.000000
1.000000
1.000000
1.000000
1.000000
1.000000
1.000000
1.000000
1.000000
1.000000
1.000000
1.000000
1.000000
1.000000
1.000000
1.000000
1.000000
1.000000
1.000000
1.000000
1.000000
1.000000
1.000000
1.000000
1.000000
1.000000
1.000000
1.000000
1.000000
1.000000
1.000000
1.000000
1.000000
1.000000
1.000000
1.000000
1.000000
1.000000
1.000000
1.000000
1.000000
1.000000
1.000000
1.000000
1.000000
1.000000
1.000000
1.000000
1.000000
1.000000
1.000000
1.000000
1.000000
1.000000
1.000000
1.000000
1.000000
1.000000
1.000000
1.000000
1.000000
1.000000
1.000000
1.000000
1.000000
1.000000
1.000000
1.000000
1.000000
1.000000
1.000000
1.000000
1.000000
1.000000
1.000000
1.000000
0.992913
0.993395
0.993395
1.000000
1.000000
0.989615
0.992913
1.000000
0.993395
0.992913
0.989615
1.000000
1.000000
1.000000
1.000000
1.000000
1.000000
0.986220
1.000000
1.000000
1.000000
0.993395
0.986220
0.999084
1.000000
1.000000
1.000000
0.986220
0.999084
1.000000
0.999084
1.000000
0.981969
0.986220
0.993395
0.999084
0.986220
0.981969
0.989615
0.989110
0.993395
0.993395
0.989110
0.981969
0.997652
1.000000
0.999084
1.000000
1.000000
0.997652
0.981969
0.995017
0.999084
0.999084
0.995017
0.997652
0.982068
0.995017
0.981969
0.997652
0.995017
0.982068
0.955497
0.981969
0.989110
0.981969
0.955497
0.982068
0.989110
0.989615
0.955794
0.997100
0.955794
0.989615
0.989110
0.958125
0.955497
0.955794
0.958125
0.989110
0.944185
0.955794
0.997100
0.997100
0.970058
0.944185
0.941731
0.958125
0.955794
0.955794
0.944185
0.941731
0.939375
0.955497
0.958125
0.958125
0.941731
0.939375
0.982068
0.955497
0.939375
0.918129
0.944185
0.970058
0.941731
0.944185
0.918129
0.970058
0.915008
0.918129
0.918129
0.915008
0.769480
0.918129
0.914564
0.941731
0.939375
0.941731
0.914564
0.769480
0.801380
0.918129
0.914564
0.918129
0.801380
0.555146
0.801380
0.769480
0.801380
0.772788
0.914564
0.801380
0.555146
0.286174
0.286174
0.555146
0.327661
0.286174
0.772788
0.801380
0.327661
0.229943
0.151945
0.907527
0.914564
0.772788
0.914564
0.907527
0.939375
0.151945
0.214739
0.327661
0.948188
0.939375
0.907527
0.939375
0.948188
0.982068
0.079233
0.214739
0.151945
0.151945
0.078333
0.079233
0.208283
0.327661
0.214739
0.327661
0.208283
0.286174
0.214739
0.139548
0.208283
0.139548
0.214739
0.079233
0.286174
0.208283
0.196683
0.208283
0.139548
0.133986
0.133986
0.196683
0.208283
0.079233
0.070803
0.139548
0.133986
0.139548
0.070803
0.068775
0.079233
0.078333
0.078333
0.069387
0.068775
0.062893
0.070803
0.079233
0.079233
0.068775
0.062893
0.070803
0.068757
0.133986
0.068757
0.070803
0.062893
0.024174
0.068775
0.069387
0.068775
0.024174
0.024568
0.024568
0.062893
0.068775
0.012471
0.013308
0.024174
0.024568
0.024174
0.013308
0.013308
0.012471
0.012471
0.013308
0.014925
0.024568
0.013308
0.014925
0.013308
0.047835
0.027404
0.047835
0.047835
0.027404
0.044270
0.047835
0.099322
0.044270
0.022303
0.044270
0.057262
0.047835
0.044270
0.099322
0.125472
0.125472
0.057262
0.044270
0.099322
0.111452
0.135320
0.135320
0.125472
0.099322
0.135320
0.111452
0.211070
0.067611
0.057262
0.125472
0.057262
0.067611
0.060509
0.060509
0.047835
0.057262
0.047835
0.060509
0.125472
0.131322
0.067611
0.131322
0.125472
0.135320
0.060509
0.067611
0.060127
0.060127
0.067611
0.131322
0.060509
0.054737
0.060127
0.054737
0.060509
0.135320
0.138369
0.131322
0.211070
0.236650
0.135320
0.138369
0.135320
0.236650
0.236650
0.211070
0.354645
0.131322
0.138369
0.127398
0.236650
0.223943
0.138369
0.127398
0.138369
0.223943
0.354645
0.352070
0.236650
0.223943
0.236650
0.352070
0.127398
0.112744
0.131322
0.131322
0.112744
0.060127
0.223943
0.196685
0.127398
0.112744
0.127398
0.076513
0.076513
0.127398
0.196685
0.032712
0.060127
0.112744
0.076513
0.068825
0.112744
0.112744
0.068825
0.032712
0.062368
0.068825
0.076513
0.032712
0.068825
0.062368
0.076513
0.068757
0.062368
0.060127
0.032712
0.022921
0.022921
0.054737
0.060127
0.068757
0.076513
0.135909
0.196685
0.135909
0.076513
0.135909
0.133986
0.068757
0.062893
0.062368
0.068757
0.196683
0.133986
0.135909
0.026569
0.062368
0.062893
0.062368
0.026569
0.032712
0.062893
0.024568
0.026569
0.032712
0.026569
0.019740
0.019740
0.026569
0.024568
0.019740
0.022921
0.032712
0.024568
0.014925
0.019740
0.019740
0.014925
0.022921
0.019740
0.019740
0.022921
0.054737
0.022921
0.054737
0.054737
0.196683
0.269532
0.286174
0.772788
0.286174
0.269532
0.269532
0.196683
0.198240
0.135909
0.198240
0.196683
0.198240
0.135909
0.196685
0.269532
0.740924
0.772788
0.772788
0.740924
0.907527
0.198240
0.273113
0.269532
0.740924
0.269532
0.273113
0.196685
0.300899
0.198240
0.273113
0.198240
0.300899
0.300899
0.196685
0.223943
0.892539
0.907527
0.740924
0.907527
0.892539
0.948188
0.273113
0.748928
0.740924
0.740924
0.748928
0.892539
0.300899
0.437994
0.273113
0.748928
0.273113
0.437994
0.223943
0.331128
0.300899
0.437994
0.300899
0.331128
0.352070
0.331128
0.223943
0.437994
0.786936
0.748928
0.331128
0.352070
0.481141
0.331128
0.467073
0.437994
0.481141
0.467073
0.331128
0.437994
0.467073
0.797194
0.797194
0.786936
0.437994
0.467073
0.481141
0.796230
0.796230
0.797194
0.467073
0.556663
0.481141
0.352070
0.352070
0.354645
0.556663
0.308333
0.556663
0.354645
0.481141
0.556663
0.819445
0.819445
0.796230
0.481141
0.911371
0.796230
0.819445
0.797194
0.796230
0.911371
0.819445
0.929108
0.911371
0.911371
0.898100
0.797194
0.786936
0.797194
0.898100
0.911371
0.929108
0.976578
0.898100
0.898676
0.786936
0.748928
0.786936
0.898676
0.898676
0.892539
0.748928
0.950805
0.898100
0.911371
0.898676
0.898100
0.950805
0.892539
0.898676
0.950113
0.950805
0.950113
0.898676
0.950113
0.948188
0.892539
0.911371
0.960204
0.950805
0.976578
0.960204
0.911371
0.948188
0.950113
0.982521
0.982521
0.982068
0.948188
0.982068
0.982521
0.997652
0.950113
0.950805
0.986872
0.986872
0.982521
0.950113
1.000000
0.997652
0.982521
0.982521
0.986872
1.000000
0.997652
1.000000
1.000000
0.987234
0.986872
0.950805
1.000000
0.986872
0.987234
0.950805
0.960204
0.987234
0.987234
0.960204
0.976578
1.000000
1.000000
1.000000
0.987234
1.000000
1.000000
1.000000
1.000000
1.000000
1.000000
1.000000
1.000000
1.000000
1.000000
1.000000
1.000000
1.000000
1.000000
1.000000
1.000000
1.000000
1.000000
1.000000
0.987234
1.000000
1.000000
1.000000
0.987234
0.999014
1.000000
1.000000
1.000000
0.999014
0.976578
0.999014
0.987234
0.402603
0.450966
0.455516
0.255840
0.383897
0.402603
0.455516
0.416489
0.402603
0.455516
0.443891
0.416489
0.379264
0.416489
0.443891
0.443891
0.415049
0.379264
0.379264
0.415049
0.347213
0.379264
0.356186
0.416489
0.402603
0.416489
0.356186
0.347213
0.249218
0.379264
0.379264
0.249218
0.356186
0.356186
0.268695
0.402603
0.402603
0.268695
0.255840
0.249218
0.203968
0.356186
0.268695
0.356186
0.203968
0.138573
0.113186
0.249218
0.203968
0.249218
0.113186
0.255840
0.268695
0.174093
0.203968
0.174093
0.268695
0.174093
0.142603
0.255840
0.174093
0.203968
0.120546
0.113186
0.120546
0.203968
0.142603
0.174093
0.097802
0.120546
0.097802
0.174093
0.097802
0.087658
0.142603
0.056348
0.120546
0.113186
0.097802
0.120546
0.056348
0.113186
0.056360
0.056348
0.087658
0.097802
0.055206
0.056348
0.055206
0.097802
0.027068
0.056360
0.027068
0.056348
0.056360
0.056360
0.056348
0.055206
0.056348
0.012894
0.012894
0.055206
0.012894
0.012894
0.056157
0.055206
0.055206
0.056157
0.087658
0.089375
0.087658
0.056157
1.000000
1.000000
1.000000
1.000000
1.000000
1.000000
1.000000
1.000000
1.000000
1.000000
1.000000
1.000000
1.000000
1.000000
1.000000
1.000000
1.000000
1.000000
1.000000
1.000000
1.000000
1.000000
1.000000
1.000000
1.000000
1.000000
1.000000
1.000000
1.000000
1.000000
1.000000
1.000000
1.000000
1.000000
1.000000
1.000000
1.000000
1.000000
1.000000
1.000000
1.000000
1.000000
1.000000
1.000000
1.000000
1.000000
1.000000
1.000000
1.000000
1.000000
1.000000
1.000000
1.000000
1.000000
1.000000
1.000000
1.000000
1.000000
1.000000
1.000000
0.991322
0.992176
0.995834
0.992590
0.991322
0.995684
0.995684
0.995657
0.992590
0.995834
0.995684
0.991322
1.000000
0.995657
1.000000
0.995657
0.995684
1.000000
0.995684
0.995834
1.000000
1.000000
1.000000
1.000000
0.995834
1.000000
1.000000
1.000000
1.000000
1.000000
1.000000
1.000000
1.000000
1.000000
1.000000
1.000000
1.000000
1.000000
1.000000
1.000000
1.000000
1.000000
1.000000
1.000000
1.000000
1.000000
1.000000
1.000000
1.000000
1.000000
1.000000
1.000000
1.000000
1.000000
1.000000
1.000000
1.000000
1.000000
1.000000
1.000000
1.000000
1.000000
1.000000
1.000000
1.000000
1.000000
1.000000
1.000000
1.000000
1.000000
1.000000
1.000000
1.000000
1.000000
1.000000
0.477982
0.455516
0.450966
0.474152
0.477982
0.450966
0.474152
0.450966
0.420969
0.474152
0.497547
0.477982
0.436753
0.420969
0.355688
0.494502
0.497547
0.474152
0.510864
0.497547
0.494502
0.355688
0.329277
0.436753
0.329277
0.355688
0.249592
0.137467
0.140825
0.089375
0.089375
0.092459
0.137467
0.092459
0.089375
0.054515
0.053621
0.054515
0.053621
1.000000
1.000000
1.000000
1.000000
1.000000
1.000000
1.000000
1.000000
1.000000
1.000000
1.000000
1.000000
1.000000
1.000000
1.000000
1.000000
1.000000
1.000000
1.000000
1.000000
1.000000
1.000000
1.000000
1.000000
1.000000
1.000000
1.000000
1.000000
1.000000
1.000000
1.000000
1.000000
1.000000
1.000000
1.000000
1.000000
1.000000
1.000000
1.000000
1.000000
0.996764
1.000000
1.000000
1.000000
0.996764
0.996764
0.998820
1.000000
0.998820
1.000000
1.000000
1.000000
0.998820
0.990940
0.990940
0.998820
0.996764
0.996764
0.991011
0.990940
0.985860
0.990940
0.991011
0.992590
1.000000
0.990940
0.992590
0.990940
0.981926
0.987028
0.992590
0.981926
0.991322
0.992590
0.987028
0.991322
0.987028
0.986761
0.986761
0.992176
0.991322
0.996188
0.992176
0.986761
1.000000
0.996188
0.989489
0.989489
1.000000
1.000000
1.000000
1.000000
1.000000
1.000000
1.000000
1.000000
1.000000
1.000000
1.000000
1.000000
1.000000
1.000000
1.000000
1.000000
1.000000
1.000000
1.000000
1.000000
1.000000
1.000000
1.000000
1.000000
1.000000
1.000000
1.000000
1.000000
1.000000
1.000000
1.000000
1.000000
1.000000
1.000000
1.000000
1.000000
1.000000
1.000000
1.000000
1.000000
1.000000
1.000000
1.000000
1.000000
1.000000
1.000000
1.000000
1.000000
1.000000
1.000000
1.000000
1.000000
1.000000
1.000000
1.000000
1.000000
1.000000
1.000000
1.000000
0.999607
1.000000
1.000000
1.000000
1.000000
0.999607
0.999607
1.000000
0.954268
1.000000
0.963607
0.954268
0.941315
0.954268
0.963607
0.963607
0.946639
0.941315
0.915078
0.941315
0.946639
0.946639
0.914827
0.915078
0.879493
0.915078
0.914827
0.914827
0.885844
0.879493
0.879493
0.885844
0.811100
0.811100
0.787376
0.879493
0.647644
0.787376
0.811100
0.811100
0.652198
0.647644
0.571972
0.647644
0.652198
0.652198
0.564966
0.571972
0.526082
0.571972
0.564966
0.564966
0.521035
0.526082
0.521035
0.504574
0.526082
0.504574
0.510864
0.526082
0.497547
0.510864
0.504574
0.081287
0.138573
0.139762
0.246233
0.139762
0.138573
0.027068
0.081287
0.084440
0.138573
0.233394
0.246233
0.246233
0.233394
0.347213
0.084440
0.030927
0.027068
0.027068
0.030927
0.347213
0.375561
0.246233
0.375561
0.347213
0.415049
0.415049
0.436542
0.375561
0.436542
0.415049
0.443891
0.443891
0.469239
0.436542
0.469239
0.443891
0.455516
0.455516
0.477982
0.469239
0.469239
0.477982
0.497547
0.030927
1.000000
1.000000
1.000000
1.000000
1.000000
1.000000
1.000000
1.000000
1.000000
1.000000
1.000000
1.000000
1.000000
1.000000
1.000000
1.000000
1.000000
1.000000
1.000000
1.000000
1.000000
1.000000
1.000000
1.000000
1.000000
1.000000
1.000000
1.000000
1.000000
1.000000
0.992913
1.000000
1.000000
1.000000
1.000000
0.992913
1.000000
1.000000
0.989615
0.989615
1.000000
0.997100
0.769480
0.308333
0.555146
0.327661
0.555146
0.308333
0.308333
0.229943
0.327661
0.069387
0.022303
0.024174
0.024174
0.022303
0.012471
0.027404
0.012471
0.027404
0.044270
0.027404
0.012471
0.012471
0.022303
0.044270
0.022303
0.069387
0.099322
0.099322
0.069387
0.078333
0.078333
0.111452
0.099322
0.111452
0.078333
0.151945
0.151945
0.211070
0.111452
0.211070
0.151945
0.229943
0.229943
0.354645
0.211070
0.354645
0.229943
0.308333
0.556663
0.308333
0.769480
0.769480
0.819445
0.556663
0.819445
0.769480
0.915008
0.915008
0.929108
0.819445
0.929108
0.915008
0.970058
0.970058
0.976578
0.929108
0.999014
0.997100
1.000000
0.999014
0.976578
0.970058
0.970058
0.997100
0.999014
0.355688
0.420969
0.383897
0.249592
0.355688
0.383897
0.402603
0.383897
0.420969
0.420969
0.450966
0.402603
0.383897
0.255840
0.249592
0.249592
0.255840
0.142603
0.142603
0.140825
0.249592
0.140825
0.142603
0.087658
0.087658
0.089375
0.140825
0.233394
0.249218
0.347213
0.249218
0.233394
0.138573
0.113186
0.138573
0.081287
0.081287
0.056360
0.113186
0.056360
0.081287
0.027068
0.054515
0.012894
0.054515
0.056157
0.012894
0.056157
0.054515
0.089375
1.000000
1.000000
1.000000
1.000000
1.000000
1.000000
1.000000
1.000000
1.000000
1.000000
1.000000
1.000000
1.000000
1.000000
1.000000
1.000000
1.000000
1.000000
1.000000
1.000000
1.000000
1.000000
1.000000
1.000000
1.000000
1.000000
1.000000
1.000000
1.000000
1.000000
0.996188
1.000000
1.000000
1.000000
1.000000
1.000000
1.000000
1.000000
0.996188
1.000000
1.000000
1.000000
0.996188
1.000000
0.995834
0.995834
0.992176
0.996188
0.995657
1.000000
1.000000
1.000000
0.992590
0.995657
