0.474159
0.450970
0.478000
0.474159
0.478000
0.497568
0.420971
0.450970
0.474159
0.494509
0.474159
0.497568
0.494509
0.497568
0.510881
0.474159
0.436756
0.420971
0.474159
0.494509
0.463797
0.463797
0.436756
0.474159
0.510881
0.507933
0.494509
0.507933
0.510881
0.526095
0.482657
0.463797
0.494509
0.494509
0.507933
0.482657
0.526095
0.529880
0.507933
0.482657
0.507933
0.529880
0.394151
0.463797
0.482657
0.436756
0.463797
0.394151
0.529880
0.505767
0.482657
0.505767
0.529880
0.582768
0.582768
0.550806
0.505767
0.550806
0.582768
0.711021
0.409136
0.482657
0.505767
0.482657
0.409136
0.394151
0.462660
0.505767
0.550806
0.505767
0.462660
0.409136
0.711021
0.611146
0.550806
0.550806
0.528657
0.462660
0.528657
0.550806
0.611146
0.787381
0.799493
0.711021
0.611146
0.711021
0.799493
0.851738
0.799493
0.787381
0.799493
0.746862
0.611146
0.746862
0.799493
0.851738
0.851738
0.828423
0.746862
0.828423
0.851738
0.891948
0.647705
0.611146
0.746862
0.611146
0.647705
0.528657
0.742695
0.746862
0.828423
0.746862
0.742695
0.647705
0.891948
0.873802
0.828423
0.828423
0.809365
0.742695
0.809365
0.828423
0.873802
0.915086
0.916368
0.891948
0.873802
0.891948
0.916368
0.873802
0.856589
0.809365
0.916368
0.906606
0.873802
0.856589
0.873802
0.906606
0.916368
0.939638
0.927017
0.927017
0.906606
0.916368
0.954299
0.949492
0.939638
0.939917
0.927017
0.939638
0.939638
0.949492
0.939917
0.906606
0.927017
0.939917
0.990965
0.939917
0.949492
0.949492
0.997508
0.990965
1.000000
1.000000
0.997508
0.990965
0.997508
1.000000
1.000000
1.000000
1.000000
0.932550
0.939917
0.990965
0.939917
0.932550
0.906606
1.000000
1.000000
1.000000
1.000000
1.000000
1.000000
1.000000
1.000000
0.990965
1.000000
1.000000
1.000000
1.000000
1.000000
1.000000
1.000000
1.000000
1.000000
1.000000
1.000000
1.000000
1.000000
1.000000
1.000000
0.976707
0.990965
1.000000
0.990965
0.976707
0.932550
1.000000
1.000000
1.000000
1.000000
1.000000
0.976707
1.000000
1.000000
1.000000
1.000000
1.000000
1.000000
1.000000
1.000000
1.000000
1.000000
1.000000
1.000000
1.000000
1.000000
1.000000
1.000000
1.000000
1.000000
1.000000
1.000000
1.000000
1.000000
1.000000
1.000000
1.000000
1.000000
1.000000
1.000000
1.000000
1.000000
1.000000
1.000000
1.000000
1.000000
1.000000
1.000000
1.000000
1.000000
1.000000
1.000000
1.000000
1.000000
1.000000
1.000000
1.000000
1.000000
1.000000
1.000000
1.000000
1.000000
1.000000
1.000000
1.000000
1.000000
1.000000
1.000000
1.000000
1.000000
1.000000
1.000000
1.000000
1.000000
1.000000
1.000000
1.000000
1.000000
1.000000
1.000000
1.000000
1.000000
1.000000
0.990599
0.990599
1.000000
1.000000
0.990599
1.000000
1.000000
1.000000
1.000000
1.000000
1.000000
1.000000
1.000000
1.000000
1.000000
1.000000
1.000000
1.000000
1.000000
1.000000
1.000000
1.000000
1.000000
0.989307
1.000000
1.000000
1.000000
0.999522
0.999522
1.000000
1.000000
0.998134
1.000000
1.000000
1.000000
0.999522
0.998134
0.979982
0.989307
1.000000
0.998134
0.979982
1.000000
0.968626
1.000000
0.989307
1.000000
0.968626
0.990599
0.989307
0.942763
0.968626
0.942763
0.989307
0.979982
0.990599
0.968626
0.929425
0.929425
0.968626
0.942763
1.000000
0.990599
0.950767
0.929425
0.950767
0.990599
0.950767
0.976707
1.000000
0.976707
0.950767
0.918673
0.918673
0.932550
0.976707
0.950767
0.929425
0.885492
0.885492
0.918673
0.950767
0.888345
0.932550
0.918673
0.932550
0.888345
0.906606
0.906606
0.888345
0.856589
0.918673
0.872098
0.888345
0.872098
0.918673
0.885492
0.817600
0.856589
0.888345
0.888345
0.872098
0.817600
0.885492
0.844927
0.872098
0.817600
0.872098
0.844927
0.844927
0.885492
0.837085
0.837085
0.885492
0.929425
0.844927
0.750552
0.817600
0.837085
0.750552
0.844927
0.856589
0.817600
0.766982
0.766982
0.809365
0.856589
0.817600
0.750552
0.657083
0.657083
0.766982
0.817600
0.660287
0.750552
0.837085
0.657083
0.750552
0.660287
0.809365
0.766982
0.635275
0.635275
0.742695
0.809365
0.647705
0.742695
0.635275
0.766982
0.657083
0.521565
0.521565
0.635275
0.766982
0.635275
0.448546
0.647705
0.635275
0.521565
0.343798
0.343798
0.448546
0.635275
0.647705
0.448546
0.336039
0.336039
0.528657
0.647705
0.448546
0.343798
0.234489
0.234489
0.336039
0.448546
0.528657
0.336039
0.269518
0.269518
0.462660
0.528657
0.336039
0.234489
0.172141
0.172141
0.269518
0.336039
0.462660
0.269518
0.247504
0.247504
0.269518
0.172141
0.247504
0.409136
0.462660
0.124256
0.172141
0.234489
0.409136
0.247504
0.250257
0.250257
0.394151
0.409136
0.172141
0.142069
0.247504
0.142069
0.172141
0.124256
0.136452
0.250257
0.247504
0.247504
0.142069
0.136452
0.329280
0.394151
0.250257
0.394151
0.329280
0.436756
0.329280
0.237475
0.249595
0.250257
0.237475
0.329280
0.140828
0.249595
0.237475
0.137469
0.237475
0.250257
0.237475
0.137469
0.140828
0.250257
0.136452
0.137469
0.092461
0.137469
0.136452
0.136452
0.093086
0.092461
0.093086
0.136452
0.142069
0.053623
0.092461
0.093086
0.142069
0.095301
0.093086
0.124256
0.095301
0.142069
0.093086
0.051492
0.053623
0.051492
0.093086
0.095301
0.053623
0.051492
0.051492
0.002077
0.002077
0.051492
0.050924
0.095301
0.050924
0.051492
0.002077
0.050924
0.003185
0.002077
0.002077
0.003185
0.062182
0.050924
0.095301
0.095301
0.124256
0.062182
0.003185
0.050924
0.019972
0.019972
0.050924
0.062182
0.003185
0.003185
0.019972
0.019972
0.010393
0.010393
0.019972
0.010393
0.010393
0.019972
0.054476
0.054476
0.019972
0.062182
0.010393
0.028133
0.062182
0.106478
0.054476
0.106478
0.062182
0.124256
0.054476
0.077376
0.010393
0.077376
0.054476
0.106478
0.028133
0.010393
0.077376
0.124256
0.177418
0.106478
0.234489
0.177418
0.124256
0.177418
0.234489
0.343798
0.343798
0.245062
0.177418
0.106478
0.177418
0.245062
0.245062
0.343798
0.521565
0.245062
0.186108
0.106478
0.106478
0.186108
0.077376
0.521565
0.341760
0.245062
0.186108
0.245062
0.341760
0.341760
0.521565
0.657083
0.657083
0.440884
0.341760
0.440884
0.186108
0.341760
0.660287
0.440884
0.657083
0.186108
0.440884
0.373904
0.660287
0.598802
0.440884
0.598802
0.373904
0.440884
0.373904
0.194771
0.186108
0.077376
0.186108
0.194771
0.368900
0.373904
0.598802
0.373904
0.368900
0.194771
0.598802
0.660287
0.781679
0.837085
0.781679
0.660287
0.194771
0.096836
0.077376
0.077376
0.096836
0.028133
0.781679
0.837085
0.897461
0.929425
0.897461
0.837085
0.942763
0.897461
0.929425
0.897461
0.942763
0.932176
0.979982
0.932176
0.942763
0.897461
0.873392
0.781679
0.932176
0.873392
0.897461
0.979982
0.970331
0.932176
0.970331
0.979982
0.998134
0.754482
0.781679
0.873392
0.781679
0.754482
0.598802
0.873392
0.932176
0.916599
0.754482
0.587442
0.598802
0.598802
0.587442
0.368900
0.873392
0.857748
0.754482
0.916599
0.857748
0.873392
0.754482
0.857748
0.842507
0.916599
0.932176
0.932887
0.970331
0.932887
0.932176
0.857748
0.916599
0.915185
0.915185
0.842507
0.857748
0.932887
0.930484
0.916599
0.915185
0.916599
0.930484
0.932887
0.970331
0.960769
0.960769
0.930484
0.932887
0.998134
0.988977
0.970331
0.970331
0.988977
0.960769
0.998134
0.999522
0.988977
0.930484
0.960769
0.948175
0.930484
0.922045
0.915185
0.948175
0.922045
0.930484
0.915185
0.922045
0.948175
0.971626
0.948175
0.960769
0.960769
0.988977
0.971626
0.948175
0.945949
0.915185
0.963670
0.945949
0.948175
0.948175
0.971626
0.963670
0.915185
0.945949
0.941379
0.941379
0.945949
0.963670
0.962853
0.963670
0.971626
0.963670
0.962853
0.941379
0.941379
0.910424
0.915185
0.842507
0.915185
0.910424
0.941379
0.962853
0.962758
0.910424
0.842362
0.842507
0.910424
0.941379
0.907537
0.842362
0.910424
0.907537
0.962758
0.935455
0.941379
0.941379
0.935455
0.907537
0.724045
0.842507
0.842362
0.842507
0.724045
0.754482
0.724045
0.587442
0.754482
0.842362
0.733540
0.724045
0.587442
0.724045
0.733540
0.907537
0.841567
0.842362
0.733540
0.842362
0.841567
0.733540
0.561554
0.587442
0.841567
0.735338
0.733540
0.561554
0.733540
0.735338
0.587442
0.561554
0.357033
0.357033
0.368900
0.587442
0.735338
0.564257
0.561554
0.357033
0.561554
0.564257
0.215667
0.368900
0.357033
0.194771
0.368900
0.215667
0.564257
0.351221
0.357033
0.215667
0.124917
0.194771
0.194771
0.124917
0.096836
0.357033
0.207906
0.215667
0.124917
0.215667
0.207906
0.207906
0.357033
0.351221
0.096836
0.124917
0.048347
0.096836
0.048347
0.028133
0.207906
0.110767
0.124917
0.048347
0.124917
0.110767
0.028133
0.048347
0.028133
0.048347
0.036733
0.110767
0.036733
0.048347
0.036733
0.110767
0.207906
0.192718
0.351221
0.192718
0.207906
0.036733
0.110767
0.091828
0.192718
0.091828
0.110767
0.091828
0.028341
0.036733
0.036733
0.028341
0.091828
0.192718
0.176377
0.028341
0.091828
0.085991
0.176377
0.085991
0.091828
0.192718
0.351221
0.346631
0.346631
0.176377
0.192718
0.085991
0.024079
0.028341
0.097054
0.085991
0.176377
0.024079
0.085991
0.097054
0.179075
0.176377
0.346631
0.176377
0.179075
0.097054
0.614181
0.346631
0.351221
0.351221
0.564257
0.614181
0.614181
0.564257
0.735338
0.346631
0.614181
0.620912
0.735338
0.723416
0.614181
0.620912
0.354213
0.346631
0.346631
0.354213
0.179075
0.731686
0.620912
0.614181
0.614181
0.723416
0.731686
0.830683
0.723416
0.735338
0.735338
0.841567
0.830683
0.731686
0.723416
0.840955
0.830683
0.840955
0.723416
0.620912
0.731686
0.740030
0.898339
0.830683
0.841567
0.841567
0.907537
0.898339
0.740030
0.616433
0.620912
0.354213
0.620912
0.616433
0.843285
0.740030
0.731686
0.731686
0.840955
0.843285
0.616433
0.740030
0.780090
0.843285
0.780090
0.740030
0.616433
0.354559
0.354213
0.354213
0.354559
0.270141
0.270141
0.179075
0.354213
0.616433
0.375895
0.354559
0.354559
0.375895
0.270141
0.196127
0.179075
0.270141
0.196127
0.270141
0.375895
0.114425
0.179075
0.196127
0.179075
0.114425
0.097054
0.196127
0.146677
0.114425
0.114425
0.066660
0.097054
0.066660
0.114425
0.146677
0.097054
0.066660
0.033704
0.097054
0.033704
0.024079
0.146677
0.196127
0.272377
0.375895
0.272377
0.196127
0.146677
0.097429
0.066660
0.272377
0.207605
0.146677
0.097429
0.146677
0.207605
0.272377
0.375895
0.491407
0.207605
0.272377
0.392646
0.491407
0.392646
0.272377
0.207605
0.143783
0.097429
0.675082
0.491407
0.375895
0.392646
0.316333
0.207605
0.143783
0.207605
0.316333
0.392646
0.491407
0.751844
0.751844
0.491407
0.675082
0.316333
0.392646
0.713335
0.751844
0.713335
0.392646
0.375895
0.634955
0.675082
0.634955
0.375895
0.616433
0.780090
0.634955
0.616433
0.675082
0.634955
0.775876
0.634955
0.780090
0.822320
0.822320
0.775876
0.634955
0.675082
0.813701
0.751844
0.813701
0.675082
0.775876
0.883027
0.822320
0.780090
0.775876
0.865932
0.813701
0.780090
0.849125
0.883027
0.849125
0.780090
0.843285
0.775876
0.822320
0.882568
0.882568
0.865932
0.775876
0.883027
0.919734
0.822320
0.882568
0.822320
0.919734
0.932821
0.883027
0.849125
0.960432
0.919734
0.883027
0.883027
0.932821
0.960432
0.882568
0.919734
0.934095
0.849125
0.921402
0.932821
0.921402
0.849125
0.843285
0.865932
0.882568
0.940067
0.940067
0.882568
0.934095
0.843285
0.916240
0.921402
0.916240
0.843285
0.840955
0.940067
0.921234
0.865932
0.813701
0.865932
0.921234
0.921234
0.898244
0.813701
0.813701
0.898244
0.751844
0.923633
0.921234
0.940067
0.898244
0.921234
0.923633
0.898244
0.860350
0.751844
0.713335
0.751844
0.860350
0.898244
0.923633
0.900466
0.900466
0.860350
0.898244
0.860350
0.815633
0.713335
0.860350
0.900466
0.862023
0.862023
0.815633
0.860350
0.885849
0.900466
0.923633
0.862023
0.900466
0.885849
0.620082
0.713335
0.815633
0.713335
0.620082
0.316333
0.815633
0.862023
0.774085
0.815633
0.736529
0.620082
0.774085
0.736529
0.815633
0.316333
0.620082
0.399411
0.620082
0.736529
0.538358
0.538358
0.399411
0.620082
0.736529
0.774085
0.571013
0.571013
0.538358
0.736529
0.399411
0.227647
0.316333
0.316333
0.227647
0.143783
0.399411
0.538358
0.459810
0.227647
0.399411
0.287910
0.459810
0.287910
0.399411
0.143783
0.227647
0.170156
0.287910
0.170156
0.227647
0.510289
0.459810
0.538358
0.538358
0.571013
0.510289
0.287910
0.459810
0.421730
0.521064
0.510289
0.571013
0.459810
0.510289
0.482697
0.482697
0.421730
0.459810
0.510289
0.521064
0.504617
0.504617
0.482697
0.510289
0.571013
0.564978
0.521064
0.774085
0.564978
0.571013
0.571978
0.564978
0.652204
0.652204
0.564978
0.774085
0.652204
0.647649
0.571978
0.811105
0.652204
0.774085
0.647649
0.652204
0.811105
0.774085
0.862023
0.811105
0.885849
0.811105
0.862023
0.811105
0.885849
0.879500
0.879500
0.885849
0.914833
0.923633
0.914833
0.885849
0.914833
0.923633
0.951069
0.951069
0.946647
0.914833
0.940067
0.951069
0.923633
0.941328
0.946647
0.963629
0.963629
0.946647
0.951069
0.971557
0.951069
0.940067
0.951069
0.971557
0.963629
1.000000
0.963629
0.971557
0.940067
0.950384
0.971557
0.934095
0.950384
0.940067
1.000000
0.971557
0.950384
0.971557
1.000000
1.000000
0.934095
0.972003
0.950384
0.950384
0.972003
1.000000
0.992149
0.972003
0.934095
0.992149
1.000000
0.972003
0.934095
0.919734
0.992149
0.960432
0.992149
0.919734
1.000000
0.992149
1.000000
1.000000
0.992149
0.960432
1.000000
1.000000
1.000000
1.000000
1.000000
1.000000
0.999674
1.000000
1.000000
1.000000
1.000000
1.000000
1.000000
1.000000
1.000000
1.000000
1.000000
1.000000
1.000000
1.000000
1.000000
1.000000
1.000000
1.000000
1.000000
1.000000
1.000000
1.000000
1.000000
1.000000
1.000000
1.000000
1.000000
1.000000
1.000000
1.000000
1.000000
1.000000
1.000000
1.000000
1.000000
1.000000
1.000000
1.000000
1.000000
1.000000
1.000000
1.000000
1.000000
1.000000
1.000000
1.000000
1.000000
1.000000
1.000000
1.000000
1.000000
1.000000
1.000000
1.000000
1.000000
1.000000
1.000000
1.000000
1.000000
1.000000
1.000000
1.000000
1.000000
1.000000
1.000000
1.000000
1.000000
1.000000
1.000000
1.000000
1.000000
1.000000
0.960432
1.000000
1.000000
1.000000
0.960432
0.932821
0.932821
0.980870
1.000000
1.000000
1.000000
0.980870
0.980870
0.932821
0.921402
0.980870
1.000000
1.000000
1.000000
1.000000
1.000000
0.921402
0.961661
0.980870
1.000000
0.980870
0.961661
0.961661
0.921402
0.916240
1.000000
1.000000
1.000000
1.000000
1.000000
1.000000
0.961661
0.998842
1.000000
1.000000
1.000000
0.998842
0.916240
0.954627
0.961661
0.998842
0.961661
0.954627
1.000000
1.000000
1.000000
0.998842
1.000000
1.000000
1.000000
1.000000
1.000000
1.000000
1.000000
1.000000
1.000000
0.998842
0.989706
0.954627
0.989706
0.998842
1.000000
1.000000
1.000000
0.989706
1.000000
1.000000
1.000000
1.000000
1.000000
1.000000
1.000000
1.000000
0.989706
0.954627
0.950573
0.950573
0.954627
0.916240
1.000000
0.989706
0.980395
0.950573
0.980395
0.989706
1.000000
1.000000
0.994546
0.980395
0.994546
1.000000
1.000000
1.000000
1.000000
0.994546
1.000000
1.000000
0.994546
0.980395
0.969576
1.000000
0.994546
0.982149
0.982149
0.990097
1.000000
0.969576
0.982149
0.994546
0.996834
0.990097
0.987604
0.987604
0.993054
0.996834
0.992546
0.993054
0.987604
0.990097
0.982149
0.978238
0.987604
0.988153
0.992546
0.987604
0.990097
0.984271
0.987604
0.984271
0.988153
0.978238
0.984271
0.990097
0.965061
0.978238
0.982149
0.982149
0.969576
0.965061
0.943424
0.965061
0.969576
0.959378
0.965061
0.943424
0.959378
0.978238
0.965061
0.969576
0.942972
0.943424
0.942972
0.969576
0.980395
0.980395
0.950573
0.942972
0.943424
0.937655
0.959378
0.942972
0.950573
0.912882
0.916240
0.912882
0.950573
0.943424
0.942972
0.912611
0.912882
0.912611
0.942972
0.937655
0.943424
0.912611
0.840955
0.912882
0.916240
0.892697
0.912611
0.912882
0.912882
0.840955
0.892697
0.912611
0.910505
0.937655
0.910505
0.912611
0.892697
0.872570
0.892697
0.840955
0.840955
0.830683
0.872570
0.892697
0.891745
0.910505
0.891745
0.892697
0.872570
0.872570
0.830683
0.898339
0.910505
0.891745
0.884816
0.872570
0.884816
0.891745
0.884816
0.906370
0.910505
0.906370
0.884816
0.872570
0.910505
0.906370
0.937655
0.872570
0.898339
0.906370
0.906370
0.934900
0.937655
0.934900
0.906370
0.898339
0.937655
0.934900
0.957776
0.957776
0.959378
0.937655
0.978238
0.959378
0.957776
0.898339
0.933595
0.934900
0.957776
0.934900
0.933595
0.933595
0.898339
0.907537
0.907537
0.935455
0.933595
0.957776
0.976739
0.978238
0.984271
0.978238
0.976739
0.933595
0.959280
0.957776
0.959280
0.933595
0.935455
0.976739
0.957776
0.959280
0.935455
0.962758
0.959280
0.984271
0.976739
0.978141
0.959280
0.978141
0.976739
0.978141
0.959280
0.962758
0.978141
0.988153
0.984271
0.962758
0.980429
0.978141
0.980429
0.988153
0.978141
0.980429
0.962758
0.962853
0.988153
0.980429
0.983187
0.962853
0.983187
0.980429
0.971626
0.983187
0.962853
0.982843
0.983187
0.971626
0.992867
0.983187
0.982843
0.982843
0.971626
0.988977
0.982843
0.987633
0.992867
0.987633
0.982843
0.988977
0.987633
0.988977
0.993098
0.999522
0.993098
0.988977
1.000000
1.000000
0.999522
1.000000
1.000000
1.000000
1.000000
1.000000
1.000000
1.000000
1.000000
1.000000
1.000000
1.000000
1.000000
1.000000
1.000000
1.000000
1.000000
1.000000
1.000000
1.000000
1.000000
1.000000
1.000000
1.000000
1.000000
1.000000
1.000000
1.000000
1.000000
1.000000
1.000000
1.000000
1.000000
1.000000
1.000000
1.000000
1.000000
1.000000
1.000000
1.000000
1.000000
1.000000
1.000000
1.000000
1.000000
1.000000
1.000000
1.000000
1.000000
1.000000
1.000000
1.000000
1.000000
1.000000
1.000000
1.000000
1.000000
1.000000
1.000000
1.000000
1.000000
1.000000
1.000000
1.000000
1.000000
1.000000
1.000000
1.000000
1.000000
1.000000
1.000000
1.000000
1.000000
1.000000
1.000000
1.000000
1.000000
1.000000
1.000000
1.000000
1.000000
1.000000
1.000000
1.000000
1.000000
1.000000
1.000000
1.000000
1.000000
1.000000
1.000000
1.000000
1.000000
1.000000
1.000000
1.000000
1.000000
1.000000
1.000000
1.000000
1.000000
1.000000
1.000000
1.000000
1.000000
0.997775
1.000000
0.997775
1.000000
1.000000
0.997061
1.000000
0.997775
0.994397
1.000000
0.997061
1.000000
0.994397
1.000000
1.000000
1.000000
1.000000
1.000000
1.000000
1.000000
0.997061
1.000000
1.000000
1.000000
1.000000
1.000000
1.000000
1.000000
1.000000
1.000000
1.000000
1.000000
0.997061
0.979539
0.994397
0.979539
0.997061
1.000000
0.998857
1.000000
0.979539
0.986723
1.000000
0.998857
1.000000
0.986723
0.986723
0.985468
0.998857
0.982212
0.985468
0.986723
0.991099
1.000000
0.982212
0.986723
0.979539
0.974968
0.974968
0.979539
0.994397
0.986723
0.982346
0.982212
0.974968
0.982346
0.986723
0.982212
0.969831
0.991099
0.969831
0.982212
0.982346
0.991099
0.969831
0.950354
0.982346
0.970775
0.969831
0.949830
0.950354
0.969831
0.926417
0.950354
0.949830
0.969831
0.970775
0.949830
0.961687
0.970775
0.982346
0.982346
0.974968
0.961687
0.946653
0.949830
0.970775
0.970775
0.961687
0.946653
0.949830
0.923676
0.926417
0.923676
0.949830
0.946653
0.805239
0.926417
0.923676
0.923676
0.777862
0.805239
0.312329
0.557131
0.330061
0.287645
0.557131
0.805239
0.330061
0.557131
0.287645
0.805239
0.777862
0.287645
0.777862
0.923676
0.917895
0.946653
0.917895
0.923676
0.917895
0.946653
0.955629
0.217299
0.330061
0.209555
0.287645
0.209555
0.330061
0.209555
0.140822
0.217299
0.080017
0.217299
0.140822
0.197575
0.209555
0.287645
0.081003
0.080017
0.064493
0.134839
0.140822
0.209555
0.209555
0.197575
0.134839
0.140822
0.071210
0.080017
0.071210
0.140822
0.134839
0.080017
0.071210
0.058769
0.058769
0.064493
0.080017
0.134839
0.069421
0.071210
0.058769
0.071210
0.069421
0.021680
0.022271
0.064493
0.064493
0.058769
0.021680
0.012220
0.022271
0.021680
0.021680
0.012708
0.012220
0.012220
0.012220
0.012708
0.026227
0.026227
0.012298
0.045688
0.045688
0.026227
0.012298
0.026227
0.042431
0.042431
0.026227
0.045688
0.042431
0.021697
0.012298
0.045688
0.021697
0.042431
0.094996
0.094996
0.066618
0.021697
0.045688
0.055692
0.042431
0.118356
0.094996
0.042431
0.042431
0.055692
0.118356
0.111366
0.213215
0.155406
0.233699
0.155406
0.213215
0.134675
0.111366
0.094996
0.213215
0.111366
0.134675
0.094996
0.118356
0.134675
0.213215
0.356441
0.233699
0.134675
0.237859
0.213215
0.356441
0.213215
0.237859
0.237859
0.353248
0.356441
0.556836
0.356441
0.353248
0.556836
0.821947
0.773536
0.353248
0.482213
0.556836
0.821947
0.556836
0.482213
0.482213
0.799235
0.821947
0.934735
0.970701
0.966535
0.919546
0.934735
0.821947
0.970701
0.934735
0.919546
0.821947
0.799235
0.919546
0.966535
0.970701
0.997946
0.919546
0.951193
0.970701
0.986595
0.997946
0.970701
0.970701
0.951193
0.986595
1.000000
0.997946
0.986595
1.000000
1.000000
1.000000
1.000000
1.000000
1.000000
1.000000
1.000000
1.000000
1.000000
1.000000
1.000000
1.000000
1.000000
0.997964
0.997964
1.000000
1.000000
1.000000
1.000000
0.997964
0.986595
0.997964
1.000000
0.997964
0.999707
1.000000
0.999707
0.997964
0.986595
1.000000
0.999707
0.993338
0.993338
0.997775
1.000000
0.994397
0.997775
0.993338
0.986595
0.986955
0.999707
0.993338
0.989985
0.994397
0.994397
0.989985
0.974968
0.979865
0.993338
0.999707
0.999707
0.986955
0.979865
0.982018
0.989985
0.993338
0.974968
0.989985
0.982018
0.993338
0.979865
0.982018
0.982018
0.961687
0.974968
0.946653
0.961687
0.982018
0.982018
0.955629
0.946653
0.955629
0.982018
0.979865
0.979865
0.948361
0.955629
0.948361
0.979865
0.986955
0.906065
0.955629
0.948361
0.955629
0.906065
0.917895
0.986955
0.947024
0.948361
0.947024
0.986955
0.986595
0.986595
0.951193
0.947024
0.947024
0.951193
0.919546
0.910347
0.948361
0.947024
0.948361
0.910347
0.906065
0.919546
0.909480
0.947024
0.947024
0.909480
0.910347
0.801017
0.909480
0.919546
0.919546
0.799235
0.801017
0.790404
0.910347
0.909480
0.909480
0.801017
0.790404
0.755939
0.906065
0.910347
0.910347
0.790404
0.755939
0.468128
0.801017
0.799235
0.799235
0.482213
0.468128
0.438545
0.790404
0.801017
0.801017
0.468128
0.438545
0.755939
0.790404
0.438545
0.331787
0.468128
0.482213
0.438545
0.468128
0.331787
0.482213
0.353248
0.331787
0.438545
0.273614
0.755939
0.224611
0.331787
0.353248
0.353248
0.237859
0.224611
0.331787
0.300196
0.438545
0.300196
0.331787
0.224611
0.273614
0.438545
0.300196
0.139763
0.224611
0.237859
0.237859
0.134675
0.139763
0.224611
0.194775
0.300196
0.125750
0.139763
0.134675
0.134675
0.118356
0.125750
0.224611
0.139763
0.122033
0.122033
0.139763
0.125750
0.122033
0.194775
0.224611
0.066313
0.125750
0.118356
0.118356
0.055692
0.066313
0.125750
0.107951
0.122033
0.059517
0.066313
0.055692
0.055692
0.045688
0.059517
0.125750
0.066313
0.059005
0.059005
0.066313
0.059517
0.059005
0.107951
0.125750
0.059517
0.045688
0.059517
0.053813
0.059005
0.053813
0.059517
0.107951
0.059005
0.031045
0.059005
0.053813
0.021429
0.021429
0.031045
0.059005
0.053813
0.021429
0.053813
0.053813
0.021429
0.017707
0.017707
0.021429
0.012708
0.017707
0.031045
0.021429
0.017707
0.017707
0.012708
0.021680
0.021680
0.024182
0.017707
0.017707
0.024182
0.031045
0.024182
0.021680
0.058769
0.058769
0.058922
0.024182
0.031045
0.024182
0.058922
0.069421
0.058922
0.058769
0.058922
0.066444
0.031045
0.031045
0.066444
0.107951
0.078382
0.066444
0.058922
0.107951
0.066444
0.078382
0.058922
0.069421
0.078382
0.078382
0.122033
0.107951
0.194775
0.122033
0.078382
0.136570
0.078382
0.069421
0.078382
0.136570
0.194775
0.069421
0.134839
0.136570
0.136570
0.134839
0.197575
0.194775
0.136570
0.198443
0.197575
0.198443
0.136570
0.198443
0.300196
0.194775
0.300196
0.198443
0.273614
0.198443
0.197575
0.270844
0.270844
0.273614
0.198443
0.287645
0.270844
0.197575
0.270844
0.287645
0.777862
0.273614
0.270844
0.747383
0.777862
0.747383
0.270844
0.747383
0.755939
0.273614
0.917895
0.747383
0.777862
0.906065
0.755939
0.747383
0.747383
0.917895
0.906065
0.030937
0.030937
0.027077
0.027077
0.030937
0.084454
0.034312
0.030937
0.034312
0.084278
0.084454
0.030937
0.030937
0.034312
0.084278
0.084454
0.084278
0.141247
0.141247
0.139791
0.084454
0.139791
0.141247
0.258806
0.258806
0.246312
0.139791
0.246312
0.258806
0.391302
0.391302
0.375783
0.246312
0.375783
0.441666
0.415050
0.441666
0.375783
0.391302
0.421730
0.391302
0.258806
0.391302
0.459325
0.441666
0.469320
0.441666
0.459325
0.459325
0.391302
0.421730
0.459325
0.488951
0.469320
0.482697
0.504617
0.488951
0.488951
0.459325
0.482697
0.421730
0.482697
0.459325
0.258806
0.257438
0.421730
0.257438
0.258806
0.141247
0.421730
0.257438
0.287910
0.170156
0.287910
0.257438
0.141247
0.145887
0.257438
0.257438
0.145887
0.170156
0.145887
0.141247
0.084278
0.084278
0.084295
0.145887
0.084295
0.084278
0.034312
0.097203
0.170156
0.145887
0.145887
0.084295
0.097203
0.110200
0.170156
0.097203
0.170156
0.110200
0.143783
0.097429
0.143783
0.110200
0.110200
0.065275
0.097429
0.065275
0.110200
0.097203
0.066660
0.097429
0.065275
0.050601
0.097203
0.084295
0.097203
0.050601
0.065275
0.065275
0.029191
0.066660
0.029191
0.065275
0.050601
0.066660
0.029191
0.033704
0.084295
0.035615
0.050601
0.034312
0.035615
0.084295
0.035615
0.034312
0.001648
0.050601
0.035615
0.050601
0.001648
0.029191
0.035615
0.035615
0.001648
0.001648
0.001648
0.029191
0.001648
0.028341
0.028341
0.024079
0.024079
0.024079
0.024079
0.033704
0.029191
0.033704
0.029191
0.402605
0.383899
0.255843
0.402605
0.416488
0.455517
0.455517
0.416488
0.443854
0.443854
0.416488
0.379274
0.379274
0.416488
0.356194
0.356194
0.416488
0.402605
0.379274
0.249245
0.347289
0.379274
0.356194
0.249245
0.233449
0.347289
0.249245
0.138599
0.233449
0.249245
0.402605
0.268700
0.356194
0.255843
0.268700
0.402605
0.249245
0.356194
0.203981
0.203981
0.356194
0.268700
0.249245
0.113198
0.138599
0.113198
0.249245
0.203981
0.081300
0.138599
0.113198
0.174099
0.268700
0.255843
0.268700
0.174099
0.203981
0.255843
0.142607
0.174099
0.120554
0.203981
0.174099
0.203981
0.120554
0.113198
0.097807
0.174099
0.142607
0.174099
0.097807
0.120554
0.113198
0.056367
0.081300
0.113198
0.120554
0.056353
0.056353
0.056367
0.113198
0.056353
0.120554
0.097807
0.056367
0.056353
0.056367
0.056353
0.012897
0.012897
0.012897
0.054516
0.056353
0.055210
0.012897
0.055210
0.097807
0.055210
0.056353
0.054516
0.012897
0.056159
0.055210
0.056159
0.012897
0.089377
0.054516
0.056159
0.055210
0.097807
0.087661
0.087661
0.056159
0.055210
0.056159
0.087661
0.089377
0.142607
0.087661
0.097807
0.994108
0.997280
0.996956
0.996956
1.000000
0.996739
0.997280
1.000000
0.996956
0.996739
1.000000
1.000000
1.000000
1.000000
0.997280
1.000000
1.000000
1.000000
1.000000
1.000000
1.000000
1.000000
1.000000
1.000000
1.000000
1.000000
1.000000
1.000000
1.000000
1.000000
1.000000
1.000000
1.000000
1.000000
1.000000
1.000000
1.000000
1.000000
1.000000
1.000000
1.000000
1.000000
1.000000
1.000000
1.000000
1.000000
1.000000
1.000000
1.000000
1.000000
1.000000
1.000000
1.000000
1.000000
1.000000
1.000000
1.000000
1.000000
1.000000
1.000000
1.000000
1.000000
1.000000
1.000000
1.000000
1.000000
1.000000
1.000000
1.000000
1.000000
1.000000
1.000000
1.000000
1.000000
1.000000
1.000000
1.000000
1.000000
1.000000
1.000000
1.000000
1.000000
1.000000
1.000000
1.000000
1.000000
1.000000
0.478000
0.450970
0.455517
0.355692
0.420971
0.436756
0.529880
0.526095
0.571978
0.571978
0.582768
0.529880
0.582768
0.571978
0.647649
0.647649
0.711021
0.582768
0.711021
0.647649
0.787381
0.787381
0.879500
0.851738
0.891948
0.851738
0.879500
0.891948
0.879500
0.915086
0.916368
0.915086
0.941328
0.941328
0.939638
0.916368
0.939638
0.941328
0.954299
0.949492
0.954299
0.999674
0.999674
0.997508
0.949492
0.997508
0.999674
1.000000
1.000000
1.000000
1.000000
1.000000
1.000000
1.000000
1.000000
1.000000
1.000000
1.000000
1.000000
1.000000
0.436756
0.329280
0.355692
0.249595
0.355692
0.329280
0.089377
0.140828
0.137469
0.137469
0.092461
0.089377
0.054516
0.089377
0.092461
0.092461
0.053623
0.054516
0.054516
0.053623
0.053623
0.521064
0.526095
0.504617
0.526095
0.521064
0.564978
0.504617
0.526095
0.510881
0.564978
0.571978
0.526095
0.504617
0.510881
0.497568
0.811105
0.787381
0.647649
0.879500
0.787381
0.811105
0.914833
0.915086
0.879500
0.915086
0.914833
0.946647
0.946647
0.941328
0.915086
0.963629
0.954299
0.941328
1.000000
0.954299
0.963629
0.999674
0.954299
1.000000
1.000000
1.000000
0.999674
1.000000
1.000000
1.000000
1.000000
1.000000
1.000000
1.000000
1.000000
1.000000
1.000000
1.000000
1.000000
1.000000
1.000000
1.000000
1.000000
1.000000
1.000000
1.000000
1.000000
1.000000
1.000000
1.000000
1.000000
1.000000
1.000000
1.000000
1.000000
1.000000
1.000000
1.000000
1.000000
1.000000
1.000000
1.000000
1.000000
1.000000
1.000000
1.000000
1.000000
1.000000
1.000000
1.000000
1.000000
1.000000
1.000000
1.000000
1.000000
1.000000
1.000000
0.990097
0.990097
0.996834
1.000000
0.992546
0.988153
0.994108
0.994108
0.992867
1.000000
0.994108
0.983187
0.992867
0.983187
0.994108
0.988153
0.993098
0.992867
0.987633
0.992867
0.993098
0.999522
0.999522
1.000000
0.992867
1.000000
0.992867
1.000000
1.000000
1.000000
1.000000
1.000000
1.000000
1.000000
1.000000
1.000000
1.000000
1.000000
1.000000
1.000000
1.000000
0.998857
1.000000
1.000000
0.998857
0.985468
0.985468
1.000000
1.000000
1.000000
0.985468
0.982212
0.982212
1.000000
1.000000
0.950354
0.966535
0.991099
0.966535
0.950354
0.926417
0.926417
0.923009
0.966535
0.773536
0.923009
0.926417
0.926417
0.805239
0.773536
0.773536
0.805239
0.557131
0.557131
0.312329
0.773536
0.330061
0.233699
0.312329
0.155406
0.233699
0.330061
0.330061
0.217299
0.155406
0.155406
0.217299
0.080017
0.080017
0.081003
0.155406
0.064493
0.066618
0.081003
0.066618
0.064493
0.022271
0.022271
0.021697
0.066618
0.012298
0.021697
0.022271
0.022271
0.012220
0.012298
0.012298
0.012220
0.012298
0.081003
0.066618
0.094996
0.094996
0.111366
0.081003
0.155406
0.081003
0.111366
0.312329
0.233699
0.356441
0.356441
0.556836
0.312329
0.773536
0.312329
0.556836
0.923009
0.773536
0.821947
0.821947
0.934735
0.923009
0.966535
0.923009
0.934735
0.997946
0.991099
0.966535
1.000000
0.991099
0.997946
0.997946
1.000000
1.000000
1.000000
1.000000
1.000000
1.000000
1.000000
1.000000
0.084454
0.081300
0.027077
0.081300
0.084454
0.139791
0.139791
0.138599
0.081300
0.138599
0.139791
0.246312
0.246312
0.233449
0.138599
0.347289
0.233449
0.246312
0.246312
0.375783
0.347289
0.415050
0.347289
0.375783
0.443854
0.415050
0.441666
0.441666
0.469320
0.443854
0.455517
0.443854
0.469320
0.469320
0.478000
0.455517
0.497568
0.478000
0.469320
0.469320
0.488951
0.497568
0.497568
0.488951
0.504617
0.355692
0.383899
0.420971
0.383899
0.355692
0.249595
0.420971
0.383899
0.402605
0.402605
0.450970
0.420971
0.455517
0.450970
0.402605
0.249595
0.255843
0.383899
0.142607
0.255843
0.249595
0.249595
0.140828
0.142607
0.379274
0.415050
0.443854
0.347289
0.415050
0.379274
0.027077
0.081300
0.056367
0.056367
0.027077
0.027077
0.140828
0.089377
0.087661
0.087661
0.142607
0.140828
0.996739
0.993054
0.992546
0.996834
0.993054
0.996739
0.992546
0.996956
0.996739
0.996956
0.992546
0.994108
0.996739
1.000000
0.996834
0.997280
0.994108
1.000000
1.000000
1.000000
0.997280
1.000000
1.000000
1.000000
1.000000
1.000000
1.000000
1.000000
1.000000
1.000000
1.000000
1.000000
1.000000
1.000000
1.000000
1.000000
1.000000
1.000000
1.000000
1.000000
1.000000
1.000000
1.000000
1.000000
1.000000
1.000000
1.000000
1.000000
1.000000
1.000000
1.000000
1.000000
1.000000
1.000000
1.000000
1.000000
1.000000
1.000000
1.000000
1.000000
1.000000
1.000000
1.000000
1.000000
1.000000
1.000000
1.000000
1.000000
1.000000
1.000000
1.000000
1.000000
1.000000
1.000000
1.000000
1.000000
1.000000
1.000000
1.000000
1.000000
1.000000
1.000000
1.000000
1.000000
1.000000
1.000000
1.000000
1.000000
1.000000
1.000000
1.000000
1.000000
1.000000
1.000000
1.000000
1.000000
0.996834
1.000000
1.000000
1.000000
1.000000
0.996834
