1.000000
1.000000
1.000000
1.000000
1.000000
1.000000
1.000000
1.000000
1.000000
1.000000
1.000000
1.000000
1.000000
1.000000
1.000000
1.000000
1.000000
1.000000
1.000000
1.000000
1.000000
1.000000
1.000000
1.000000
1.000000
1.000000
1.000000
1.000000
1.000000
1.000000
1.000000
1.000000
1.000000
1.000000
1.000000
1.000000
1.000000
1.000000
1.000000
1.000000
1.000000
1.000000
1.000000
1.000000
1.000000
1.000000
1.000000
1.000000
1.000000
1.000000
1.000000
1.000000
1.000000
1.000000
1.000000
1.000000
1.000000
1.000000
1.000000
1.000000
1.000000
1.000000
1.000000
1.000000
1.000000
1.000000
1.000000
1.000000
1.000000
1.000000
1.000000
1.000000
1.000000
1.000000
1.000000
1.000000
1.000000
1.000000
1.000000
1.000000
1.000000
1.000000
1.000000
1.000000
1.000000
1.000000
1.000000
1.000000
1.000000
1.000000
1.000000
1.000000
1.000000
1.000000
1.000000
1.000000
1.000000
1.000000
1.000000
1.000000
1.000000
1.000000
1.000000
1.000000
1.000000
1.000000
1.000000
1.000000
1.000000
1.000000
1.000000
1.000000
1.000000
1.000000
1.000000
1.000000
1.000000
1.000000
1.000000
1.000000
1.000000
1.000000
1.000000
1.000000
1.000000
1.000000
1.000000
1.000000
1.000000
1.000000
1.000000
1.000000
1.000000
1.000000
1.000000
1.000000
1.000000
1.000000
1.000000
1.000000
1.000000
1.000000
1.000000
1.000000
1.000000
1.000000
1.000000
1.000000
1.000000
1.000000
1.000000
1.000000
1.000000
1.000000
1.000000
1.000000
1.000000
1.000000
1.000000
1.000000
1.000000
1.000000
1.000000
1.000000
1.000000
1.000000
1.000000
1.000000
1.000000
1.000000
1.000000
1.000000
1.000000
1.000000
1.000000
1.000000
1.000000
1.000000
1.000000
1.000000
1.000000
1.000000
1.000000
1.000000
1.000000
1.000000
1.000000
1.000000
1.000000
1.000000
1.000000
1.000000
1.000000
1.000000
1.000000
1.000000
1.000000
1.000000
1.000000
1.000000
1.000000
1.000000
1.000000
1.000000
0.943431
1.000000
1.000000
1.000000
1.000000
1.000000
1.000000
1.000000
1.000000
1.000000
1.000000
1.000000
1.000000
0.978756
0.943431
0.978756
1.000000
1.000000
0.865171
0.943431
0.978756
1.000000
1.000000
1.000000
1.000000
1.000000
0.978756
0.978756
0.916842
0.865171
0.916842
0.978756
1.000000
0.652714
0.865171
0.916842
1.000000
1.000000
1.000000
1.000000
1.000000
1.000000
1.000000
0.965061
0.916842
0.965061
1.000000
1.000000
0.916842
0.838382
0.652714
0.838382
0.916842
0.965061
0.652714
0.838382
0.804607
0.804607
0.594405
0.652714
0.965061
0.925417
0.838382
0.804607
0.838382
0.925417
0.594405
0.804607
0.883885
0.883885
0.862898
0.594405
0.862898
0.883885
1.000000
1.000000
1.000000
0.883885
0.883885
0.947707
1.000000
0.883885
0.804607
0.922462
0.922462
0.947707
0.883885
0.925417
0.922462
0.804607
0.995968
0.947707
0.922462
0.922462
0.976874
0.995968
1.000000
0.995968
0.976874
0.922462
0.925417
0.975437
0.975437
0.976874
0.922462
0.975437
0.925417
0.965061
0.976874
1.000000
1.000000
1.000000
0.976874
0.975437
1.000000
1.000000
1.000000
0.965061
1.000000
0.975437
1.000000
1.000000
0.965061
0.975437
1.000000
1.000000
1.000000
0.975437
1.000000
1.000000
1.000000
1.000000
1.000000
1.000000
1.000000
1.000000
1.000000
1.000000
1.000000
1.000000
1.000000
1.000000
1.000000
1.000000
1.000000
1.000000
1.000000
1.000000
1.000000
1.000000
1.000000
1.000000
1.000000
1.000000
1.000000
1.000000
1.000000
1.000000
1.000000
1.000000
1.000000
1.000000
1.000000
1.000000
1.000000
1.000000
1.000000
1.000000
1.000000
1.000000
1.000000
1.000000
1.000000
1.000000
1.000000
1.000000
1.000000
1.000000
1.000000
1.000000
1.000000
1.000000
1.000000
1.000000
1.000000
1.000000
1.000000
1.000000
1.000000
1.000000
1.000000
1.000000
1.000000
1.000000
1.000000
1.000000
1.000000
1.000000
1.000000
1.000000
1.000000
1.000000
1.000000
1.000000
1.000000
1.000000
1.000000
1.000000
1.000000
1.000000
1.000000
1.000000
1.000000
1.000000
1.000000
1.000000
1.000000
1.000000
1.000000
1.000000
1.000000
1.000000
1.000000
1.000000
1.000000
1.000000
1.000000
1.000000
1.000000
1.000000
1.000000
1.000000
1.000000
1.000000
1.000000
1.000000
1.000000
1.000000
1.000000
1.000000
1.000000
1.000000
1.000000
1.000000
1.000000
1.000000
1.000000
1.000000
1.000000
1.000000
1.000000
1.000000
1.000000
1.000000
1.000000
1.000000
1.000000
1.000000
1.000000
1.000000
1.000000
1.000000
1.000000
1.000000
1.000000
1.000000
1.000000
1.000000
1.000000
1.000000
1.000000
1.000000
1.000000
1.000000
1.000000
1.000000
1.000000
1.000000
1.000000
1.000000
1.000000
1.000000
1.000000
1.000000
1.000000
1.000000
1.000000
1.000000
1.000000
1.000000
1.000000
1.000000
1.000000
1.000000
1.000000
1.000000
1.000000
1.000000
1.000000
1.000000
1.000000
1.000000
1.000000
1.000000
1.000000
1.000000
1.000000
1.000000
1.000000
1.000000
1.000000
1.000000
1.000000
1.000000
1.000000
1.000000
1.000000
1.000000
1.000000
1.000000
1.000000
1.000000
1.000000
1.000000
1.000000
1.000000
1.000000
1.000000
1.000000
1.000000
1.000000
1.000000
1.000000
1.000000
1.000000
1.000000
1.000000
1.000000
1.000000
1.000000
1.000000
1.000000
1.000000
1.000000
1.000000
1.000000
1.000000
1.000000
1.000000
1.000000
1.000000
1.000000
1.000000
1.000000
1.000000
1.000000
1.000000
1.000000
1.000000
1.000000
1.000000
1.000000
1.000000
1.000000
1.000000
1.000000
1.000000
1.000000
1.000000
1.000000
1.000000
1.000000
1.000000
1.000000
1.000000
1.000000
1.000000
1.000000
1.000000
1.000000
1.000000
1.000000
1.000000
1.000000
1.000000
1.000000
1.000000
1.000000
1.000000
1.000000
1.000000
1.000000
1.000000
1.000000
1.000000
1.000000
1.000000
1.000000
1.000000
1.000000
1.000000
1.000000
1.000000
1.000000
1.000000
1.000000
1.000000
1.000000
1.000000
1.000000
1.000000
0.019505
0.098441
0.098441
0.019505
0.098441
0.258569
0.019505
0.116267
0.098441
0.258569
0.098441
0.116267
0.019505
0.090999
0.258569
0.301061
0.116267
0.301061
0.258569
0.301061
0.055713
0.090999
0.078624
0.055713
0.301061
0.301061
0.203322
0.078624
0.203322
0.301061
0.116267
0.116267
0.019505
0.018262
0.018262
0.019505
0.116267
0.097196
0.203322
0.018262
0.097196
0.116267
0.062413
0.203322
0.097196
0.097196
0.018262
0.097196
0.040212
0.062413
0.040212
0.097196
0.018262
0.018262
0.040212
0.010878
0.040212
0.010878
0.040212
0.062413
0.040212
0.014552
0.055713
0.078624
0.040108
1.000000
1.000000
1.000000
1.000000
1.000000
1.000000
1.000000
1.000000
1.000000
1.000000
1.000000
1.000000
1.000000
1.000000
1.000000
1.000000
1.000000
1.000000
1.000000
1.000000
1.000000
1.000000
1.000000
1.000000
1.000000
1.000000
1.000000
1.000000
1.000000
1.000000
1.000000
1.000000
1.000000
1.000000
1.000000
1.000000
1.000000
1.000000
1.000000
1.000000
1.000000
1.000000
1.000000
1.000000
1.000000
1.000000
1.000000
1.000000
1.000000
1.000000
1.000000
1.000000
1.000000
1.000000
1.000000
1.000000
1.000000
1.000000
1.000000
1.000000
1.000000
1.000000
1.000000
1.000000
1.000000
1.000000
1.000000
1.000000
1.000000
1.000000
1.000000
1.000000
1.000000
1.000000
1.000000
1.000000
1.000000
1.000000
1.000000
1.000000
1.000000
1.000000
1.000000
1.000000
1.000000
1.000000
1.000000
1.000000
0.981776
1.000000
1.000000
1.000000
1.000000
1.000000
1.000000
1.000000
1.000000
0.981776
0.862898
1.000000
1.000000
0.947707
0.947707
0.995968
1.000000
1.000000
0.995968
1.000000
1.000000
1.000000
1.000000
1.000000
1.000000
1.000000
1.000000
1.000000
1.000000
1.000000
1.000000
1.000000
1.000000
1.000000
1.000000
1.000000
1.000000
1.000000
1.000000
1.000000
1.000000
1.000000
1.000000
1.000000
1.000000
1.000000
1.000000
1.000000
1.000000
1.000000
0.258569
0.010878
0.090999
0.018676
0.010878
0.010878
0.258569
0.090999
0.018676
0.090999
0.055713
0.040108
0.078624
0.203322
0.203322
0.062413
0.040108
0.010878
0.010878
0.018676
0.018676
0.018676
0.018676
0.055713
0.055713
0.040108
0.040108
0.062413
0.040108
0.014552
0.014552
0.040108
0.014956
0.039789
0.053389
0.053389
0.068145
0.014956
0.394696
0.014956
0.068145
0.604852
0.068145
0.007136
0.007136
0.010470
0.062846
0.012646
0.010470
0.007136
0.417234
0.524590
0.506355
0.026427
0.012054
0.026427
0.009696
0.009696
0.009696
0.024882
0.008150
0.024882
0.009696
0.008150
0.008150
0.026569
0.009696
0.026569
0.003792
0.003792
0.026569
0.003792
0.050241
0.026569
0.003792
0.026569
0.042531
0.009696
0.009696
0.042531
0.049545
0.051752
0.080168
0.042531
0.049545
0.042531
0.080168
0.009696
0.049545
0.057973
0.049545
0.080168
0.057973
0.017777
0.009696
0.057973
0.017777
0.009696
0.017777
0.057973
0.023611
0.017777
0.023611
0.023611
0.008200
0.023611
0.008200
0.054812
0.023611
0.057973
0.008200
0.023611
0.054812
0.054812
0.034850
0.008200
0.057973
0.108774
0.054812
0.108774
0.057973
0.080168
0.005234
0.034850
0.069492
0.145296
0.034850
0.054812
0.069492
0.034850
0.145296
0.005234
0.069492
0.135630
0.054812
0.155952
0.145296
0.135630
0.052706
0.005234
0.394673
0.155952
0.054812
0.054812
0.108774
0.394673
0.032191
0.020799
0.013804
0.037502
0.019581
0.020799
0.020799
0.032191
0.037502
0.052706
0.135630
0.157931
0.135630
0.714055
0.157931
0.135630
0.069492
0.714055
0.714055
0.069492
0.145296
0.724717
0.714055
0.145296
0.724717
0.548379
0.714055
0.688614
0.724717
0.145296
0.145296
0.155952
0.688614
0.688614
0.155952
0.394673
0.548379
0.724717
0.687680
0.667880
0.687680
0.724717
0.641756
0.687680
0.667880
0.724717
0.688614
0.667880
0.667880
0.645262
0.641756
0.667880
0.688614
0.652030
0.394673
0.652030
0.688614
0.652030
0.641794
0.667880
0.575321
0.652030
0.394673
0.641794
0.652030
0.575321
0.575321
0.563637
0.641794
0.404711
0.420404
0.563637
0.563637
0.575321
0.404711
0.394673
0.189969
0.575321
0.404711
0.575321
0.189969
0.189969
0.394673
0.108774
0.189969
0.129746
0.404711
0.108774
0.104920
0.189969
0.129746
0.189969
0.104920
0.104920
0.100567
0.129746
0.104920
0.108774
0.080168
0.080168
0.082624
0.104920
0.068559
0.082624
0.080168
0.051752
0.068559
0.080168
0.068559
0.065084
0.082624
0.051752
0.065084
0.068559
0.073189
0.065084
0.056971
0.056971
0.068820
0.073189
0.068820
0.056971
0.059240
0.055879
0.059240
0.056971
0.061689
0.059240
0.055879
0.062398
0.055879
0.067657
0.055879
0.062398
0.061689
0.629873
0.560172
0.827812
0.560172
0.440091
0.827812
0.440091
0.443633
0.827812
0.026427
0.083953
0.103056
0.072288
0.072288
0.029911
0.083953
0.063594
0.066554
0.067657
0.067657
0.065063
0.063594
0.065063
0.067657
0.072288
0.072288
0.068820
0.065063
0.068820
0.072288
0.103056
0.103056
0.073189
0.068820
0.086592
0.073189
0.103056
0.100567
0.086592
0.103056
0.103056
0.039789
0.100567
0.129746
0.100567
0.039789
0.103056
0.098976
0.039789
0.083953
0.098976
0.103056
0.098976
0.083953
0.050241
0.039789
0.014956
0.129746
0.404711
0.129746
0.014956
0.050241
0.050243
0.098976
0.050243
0.050241
0.010305
0.010305
0.008150
0.050243
0.008150
0.010305
0.010305
0.053389
0.039789
0.098976
0.098976
0.094613
0.053389
0.014956
0.394696
0.404711
0.094613
0.098976
0.081759
0.081759
0.098976
0.024882
0.024882
0.026427
0.081759
0.026427
0.024882
0.024882
0.094613
0.081759
0.012054
0.012054
0.011387
0.094613
0.012054
0.081759
0.094613
0.011387
0.005234
0.081759
0.026427
0.005234
0.053389
0.094613
0.026427
0.053389
0.005234
0.068145
0.026427
0.007136
0.068145
0.005234
0.007136
0.005234
0.012646
0.007136
0.157931
0.604852
0.068145
0.604852
0.548379
0.062846
0.157931
0.007136
0.548379
0.394696
0.068145
0.010470
0.012646
0.013804
0.062846
0.010470
0.037502
0.013804
0.007588
0.010470
0.037502
0.010470
0.007588
0.007588
0.019581
0.037502
0.019581
0.007588
0.013804
0.013804
0.020799
0.019581
0.417234
0.394696
0.548379
0.548379
0.524590
0.417234
0.404711
0.394696
0.417234
0.417234
0.420404
0.404711
0.506355
0.443633
0.417234
0.440091
0.420404
0.417234
0.417234
0.443633
0.440091
0.011387
0.012054
0.024882
0.098976
0.050243
0.024882
0.050243
0.008150
0.010305
0.010305
0.003792
0.003792
0.010305
0.050241
0.050241
0.083953
0.029911
0.029911
0.026569
0.050241
0.042531
0.026569
0.029911
0.029911
0.051752
0.042531
0.008200
0.011387
0.011387
0.008200
0.034850
0.034850
0.005234
0.011387
0.052706
0.012646
0.005234
0.052706
0.032191
0.012646
0.013804
0.012646
0.032191
0.062846
0.037502
0.032191
0.032191
0.052706
0.062846
0.157931
0.062846
0.052706
0.604852
0.157931
0.714055
0.548379
0.604852
0.714055
0.687680
0.524590
0.548379
0.506355
0.524590
0.687680
0.687680
0.641756
0.506355
0.629873
0.645262
0.667880
0.667880
0.641794
0.629873
0.560172
0.629873
0.641794
0.641794
0.563637
0.560172
0.440091
0.560172
0.563637
0.563637
0.420404
0.440091
0.086592
0.100567
0.104920
0.104920
0.082624
0.086592
0.086592
0.082624
0.065084
0.065084
0.073189
0.086592
0.065084
0.051752
0.029911
0.029911
0.056971
0.065084
0.056971
0.029911
0.055879
0.055879
0.029911
0.072288
0.059240
0.065063
0.068820
0.072288
0.067657
0.055879
0.065063
0.059240
0.061689
0.061689
0.063594
0.065063
0.067657
0.066554
0.062398
0.061689
0.062398
0.066554
0.066554
0.063594
0.061689
0.827812
0.645262
0.629873
0.641756
0.645262
0.827812
0.506355
0.641756
0.827812
0.443633
0.506355
0.827812