0.133124
0.082030
0.304361
0.082030
0.011065
0.011065
0.060517
0.304361
0.374266
0.133124
0.082030
0.082030
0.304361
0.374266
0.133124
0.128345
0.128345
0.133124
0.374266
0.267269
0.304361
0.060517
0.060517
0.066621
0.267269
0.425519
0.374266
0.304361
0.304361
0.267269
0.425519
0.203418
0.267269
0.066621
0.425519
0.267269
0.203418
0.398281
0.379034
0.425519
0.284116
0.379034
0.398281
0.425519
0.379034
0.345580
0.345580
0.374266
0.425519
0.128345
0.374266
0.345580
0.288056
0.345580
0.379034
0.379034
0.284116
0.288056
0.345580
0.134830
0.128345
0.134830
0.345580
0.288056
0.090526
0.288056
0.284116
0.284116
0.105755
0.090526
0.126353
0.288056
0.090526
0.288056
0.126353
0.134830
0.034330
0.090526
0.105755
0.090526
0.050231
0.126353
0.050231
0.090526
0.034330
0.105755
0.050501
0.034330
0.034330
0.005008
0.050231
0.034330
0.050501
0.005008
0.034330
0.011707
0.050501
0.063708
0.063708
0.031771
0.011707
0.011707
0.031771
0.020339
0.050501
0.011707
0.020339
0.005241
0.011707
0.011707
0.005241
0.011707
0.005008
0.005008
0.005008
0.050231
0.005008
0.050231
0.126353
0.050231
0.006114
0.126353
0.134830
0.126353
0.006114
0.006114
0.006114
0.006114
0.005065
0.134830
0.005065
0.006114
0.134830
0.005065
0.128345
0.134830
0.128345
0.005065
0.005065
0.005065
0.628126
0.687876
0.799324
0.799324
0.787484
0.628126
0.654941
0.628126
0.787484
0.799324
0.899359
0.893388
0.893388
0.787484
0.799324
0.893388
0.899359
0.940978
0.979780
1.000000
1.000000
0.940978
0.940169
0.893388
0.940169
0.940978
0.979780
0.787484
0.893388
0.919271
0.893388
0.940169
0.966839
0.966839
0.919271
0.893388
0.979780
0.981906
0.940169
0.966839
0.940169
0.981906
0.919271
0.830715
0.787484
0.787484
0.830715
0.654941
0.975097
0.919271
0.966839
0.830715
0.919271
0.975097
0.654941
0.830715
0.926303
0.975097
0.926303
0.830715
0.926303
0.883951
0.654941
0.883951
0.926303
1.000000
1.000000
0.973024
0.883951
0.926303
0.975097
1.000000
1.000000
1.000000
0.926303
0.973024
1.000000
1.000000
1.000000
1.000000
0.973024
1.000000
1.000000
1.000000
1.000000
1.000000
1.000000
1.000000
1.000000
1.000000
1.000000
1.000000
1.000000
1.000000
0.991301
1.000000
0.940556
0.924683
0.991301
0.991301
1.000000
0.940556
0.940556
1.000000
1.000000
1.000000
1.000000
1.000000
1.000000
0.981469
0.940556
1.000000
0.981469
1.000000
1.000000
1.000000
1.000000
1.000000
1.000000
1.000000
1.000000
1.000000
1.000000
1.000000
1.000000
1.000000
1.000000
1.000000
1.000000
1.000000
1.000000
1.000000
1.000000
1.000000
1.000000
1.000000
1.000000
1.000000
1.000000
1.000000
1.000000
1.000000
1.000000
0.975097
1.000000
1.000000
1.000000
0.975097
1.000000
1.000000
0.966839
1.000000
0.975097
1.000000
1.000000
1.000000
1.000000
1.000000
1.000000
1.000000
1.000000
1.000000
1.000000
0.966839
1.000000
0.981906
1.000000
0.966839
1.000000
1.000000
1.000000
1.000000
1.000000
1.000000
1.000000
1.000000
1.000000
1.000000
1.000000
1.000000
1.000000
1.000000
1.000000
1.000000
1.000000
1.000000
1.000000
0.981906
1.000000
1.000000
1.000000
1.000000
1.000000
1.000000
1.000000
1.000000
1.000000
1.000000
1.000000
1.000000
1.000000
1.000000
1.000000
1.000000
1.000000
1.000000
1.000000
1.000000
1.000000
1.000000
1.000000
1.000000
0.981906
0.981906
0.979780
1.000000
1.000000
1.000000
0.979780
1.000000
1.000000
1.000000
1.000000
1.000000
1.000000
1.000000
1.000000
1.000000
1.000000
1.000000
1.000000
1.000000
1.000000
1.000000
1.000000
1.000000
1.000000
1.000000
1.000000
1.000000
1.000000
1.000000
1.000000
1.000000
1.000000
1.000000
1.000000
1.000000
1.000000
1.000000
1.000000
1.000000
1.000000
1.000000
1.000000
1.000000
1.000000
1.000000
1.000000
1.000000
1.000000
1.000000
1.000000
1.000000
1.000000
1.000000
1.000000
1.000000
1.000000
1.000000
1.000000
1.000000
1.000000
1.000000
1.000000
1.000000
1.000000
1.000000
1.000000
1.000000
1.000000
1.000000
1.000000
1.000000
1.000000
1.000000
1.000000
1.000000
1.000000
1.000000
1.000000
1.000000
1.000000
1.000000
1.000000
1.000000
1.000000
1.000000
1.000000
1.000000
1.000000
1.000000
1.000000
1.000000
1.000000
1.000000
1.000000
1.000000
1.000000
1.000000
1.000000
1.000000
1.000000
1.000000
1.000000
1.000000
1.000000
1.000000
1.000000
1.000000
1.000000
1.000000
1.000000
1.000000
1.000000
1.000000
1.000000
1.000000
1.000000
1.000000
1.000000
1.000000
1.000000
1.000000
1.000000
1.000000
1.000000
1.000000
1.000000
1.000000
1.000000
1.000000
1.000000
1.000000
1.000000
1.000000
1.000000
1.000000
1.000000
1.000000
1.000000
1.000000
1.000000
1.000000
1.000000
1.000000
1.000000
1.000000
1.000000
1.000000
1.000000
1.000000
1.000000
1.000000
1.000000
1.000000
1.000000
1.000000
1.000000
1.000000
1.000000
1.000000
1.000000
1.000000
1.000000
1.000000
1.000000
1.000000
1.000000
1.000000
1.000000
1.000000
1.000000
1.000000
1.000000
1.000000
1.000000
1.000000
1.000000
1.000000
1.000000
1.000000
1.000000
1.000000
1.000000
1.000000
1.000000
1.000000
1.000000
1.000000
1.000000
1.000000
1.000000
1.000000
1.000000
1.000000
1.000000
1.000000
1.000000
1.000000
1.000000
1.000000
1.000000
1.000000
1.000000
1.000000
1.000000
1.000000
1.000000
1.000000
1.000000
1.000000
1.000000
1.000000
1.000000
1.000000
1.000000
1.000000
1.000000
1.000000
1.000000
1.000000
1.000000
1.000000
1.000000
1.000000
1.000000
1.000000
1.000000
1.000000
1.000000
1.000000
1.000000
1.000000
1.000000
1.000000
1.000000
1.000000
1.000000
1.000000
1.000000
1.000000
1.000000
1.000000
1.000000
1.000000
1.000000
1.000000
1.000000
1.000000
1.000000
1.000000
1.000000
1.000000
1.000000
1.000000
1.000000
1.000000
1.000000
1.000000
1.000000
1.000000
1.000000
1.000000
1.000000
1.000000
1.000000
1.000000
1.000000
1.000000
1.000000
1.000000
1.000000
1.000000
1.000000
1.000000
1.000000
1.000000
1.000000
1.000000
1.000000
1.000000
1.000000
1.000000
1.000000
1.000000
1.000000
1.000000
1.000000
1.000000
1.000000
1.000000
1.000000
1.000000
1.000000
1.000000
1.000000
1.000000
1.000000
1.000000
1.000000
1.000000
1.000000
1.000000
1.000000
1.000000
1.000000
1.000000
1.000000
1.000000
1.000000
1.000000
1.000000
1.000000
1.000000
1.000000
1.000000
1.000000
1.000000
1.000000
1.000000
1.000000
1.000000
1.000000
1.000000
1.000000
1.000000
1.000000
1.000000
1.000000
1.000000
1.000000
1.000000
1.000000
1.000000
1.000000
1.000000
1.000000
1.000000
1.000000
1.000000
1.000000
1.000000
1.000000
1.000000
1.000000
1.000000
1.000000
1.000000
1.000000
1.000000
1.000000
1.000000
1.000000
1.000000
1.000000
1.000000
1.000000
1.000000
1.000000
1.000000
1.000000
1.000000
1.000000
1.000000
1.000000
1.000000
1.000000
1.000000
1.000000
1.000000
1.000000
1.000000
1.000000
1.000000
1.000000
1.000000
1.000000
1.000000
1.000000
1.000000
1.000000
1.000000
1.000000
1.000000
1.000000
1.000000
1.000000
1.000000
1.000000
1.000000
1.000000
1.000000
1.000000
1.000000
1.000000
1.000000
1.000000
1.000000
1.000000
1.000000
1.000000
1.000000
1.000000
1.000000
1.000000
1.000000
1.000000
1.000000
1.000000
1.000000
1.000000
1.000000
1.000000
1.000000
1.000000
1.000000
1.000000
1.000000
1.000000
1.000000
1.000000
1.000000
1.000000
1.000000
1.000000
1.000000
1.000000
1.000000
1.000000
1.000000
1.000000
0.123880
0.220309
0.398281
0.123880
0.398281
0.429774
0.082030
0.011065
0.082030
0.066621
0.087202
0.203418
0.087202
0.020339
0.203418
0.203418
0.429774
0.425519
0.020339
0.429774
0.203418
0.425519
0.429774
0.398281
0.020339
0.123880
0.429774
0.020339
0.087202
0.066621
0.398281
0.220309
0.284116
0.105755
0.284116
0.220309
0.220309
0.123880
0.105755
0.050501
0.105755
0.123880
0.123880
0.063708
0.050501
0.031771
0.063708
0.123880
0.020339
0.031771
0.123880
0.066621
0.005241
0.020339
0.005241
0.066621
0.060517
0.060517
0.005241
0.060517
0.060517
0.011065
0.011065
0.687876
0.924683
0.940556
0.940556
0.799324
0.687876
0.799324
0.940556
0.981469
0.981469
0.899359
0.799324
0.899359
0.981469
1.000000
1.000000
0.940978
0.899359
0.979780
0.940978
1.000000
1.000000
1.000000
0.979780
1.000000
1.000000
1.000000
1.000000
1.000000
1.000000
1.000000
1.000000
1.000000
1.000000
1.000000
1.000000
1.000000
1.000000
1.000000
1.000000
1.000000
1.000000
1.000000
1.000000
1.000000
1.000000
1.000000
1.000000
1.000000
1.000000
1.000000
1.000000
1.000000
1.000000
1.000000
1.000000
1.000000
1.000000
1.000000
1.000000
1.000000
1.000000
1.000000
1.000000
1.000000
1.000000
1.000000
1.000000
1.000000
1.000000
1.000000
1.000000
1.000000
1.000000
1.000000
1.000000
1.000000
1.000000
1.000000
1.000000
1.000000
1.000000
1.000000
1.000000
1.000000
1.000000
1.000000
1.000000
1.000000
1.000000
1.000000
1.000000
1.000000
1.000000
1.000000
1.000000
1.000000
1.000000
1.000000
1.000000
1.000000
1.000000
1.000000
1.000000
1.000000
1.000000
1.000000
1.000000
1.000000
1.000000
1.000000
0.013805
0.052754
0.039073
0.052754
0.013805
0.066720
0.385135
0.066720
0.013805
0.592898
0.005415
0.066720
0.005415
0.060949
0.008515
0.010356
0.005415
0.008515
0.407334
0.484262
0.509468
0.025988
0.011071
0.025988
0.008841
0.008841
0.008841
0.024569
0.007885
0.024569
0.008841
0.007885
0.007885
0.026005
0.008841
0.026005
0.003446
0.026005
0.003446
0.003446
0.050007
0.003446
0.026005
0.026005
0.008841
0.041650
0.008841
0.048345
0.041650
0.051258
0.041650
0.079375
0.048345
0.079375
0.041650
0.008841
0.057116
0.048345
0.048345
0.057116
0.079375
0.016379
0.057116
0.008841
0.016379
0.008841
0.016379
0.021416
0.057116
0.016379
0.021416
0.021416
0.005495
0.005495
0.021416
0.052862
0.057116
0.021416
0.005495
0.052862
0.021416
0.052862
0.005495
0.029849
0.057116
0.052862
0.107690
0.107690
0.079375
0.057116
0.003421
0.064610
0.029849
0.132054
0.052862
0.029849
0.064610
0.132054
0.029849
0.003421
0.128383
0.064610
0.052862
0.132054
0.149478
0.128383
0.003421
0.050399
0.391676
0.052862
0.149478
0.052862
0.391676
0.107690
0.028889
0.011537
0.018260
0.034738
0.018260
0.017200
0.018260
0.034738
0.028889
0.050399
0.153653
0.128383
0.128383
0.153653
0.672793
0.128383
0.672793
0.064610
0.672793
0.132054
0.064610
0.563935
0.132054
0.672793
0.563935
0.672793
0.529315
0.649543
0.132054
0.563935
0.132054
0.649543
0.149478
0.649543
0.391676
0.149478
0.529315
0.546429
0.563935
0.631456
0.563935
0.546429
0.532847
0.631456
0.546429
0.563935
0.631456
0.649543
0.631456
0.532847
0.606695
0.631456
0.638364
0.649543
0.391676
0.649543
0.638364
0.638364
0.631456
0.627612
0.569088
0.391676
0.638364
0.627612
0.569088
0.638364
0.569088
0.627612
0.556929
0.398243
0.556929
0.413731
0.556929
0.398243
0.569088
0.391676
0.569088
0.188072
0.398243
0.188072
0.569088
0.188072
0.107690
0.391676
0.188072
0.398243
0.128038
0.107690
0.188072
0.103888
0.128038
0.103888
0.188072
0.103888
0.128038
0.099504
0.103888
0.079375
0.107690
0.079375
0.103888
0.081851
0.067915
0.079375
0.081851
0.051258
0.079375
0.067915
0.067915
0.081851
0.064539
0.051258
0.067915
0.064539
0.072610
0.056546
0.064539
0.056546
0.072610
0.068354
0.068354
0.058843
0.056546
0.055532
0.056546
0.058843
0.061311
0.055532
0.058843
0.062030
0.067295
0.055532
0.055532
0.061311
0.062030
0.614533
0.816609
0.552414
0.552414
0.816609
0.432999
0.432999
0.816609
0.433609
0.025988
0.083602
0.071926
0.102647
0.071926
0.083602
0.029333
0.063214
0.067295
0.066190
0.067295
0.063214
0.064647
0.064647
0.071926
0.067295
0.071926
0.064647
0.068354
0.068354
0.102647
0.071926
0.102647
0.068354
0.072610
0.085824
0.102647
0.072610
0.099504
0.102647
0.085824
0.102647
0.099504
0.039073
0.128038
0.039073
0.099504
0.102647
0.039073
0.098659
0.083602
0.102647
0.098659
0.098659
0.050007
0.083602
0.039073
0.128038
0.013805
0.398243
0.013805
0.128038
0.050007
0.098659
0.050051
0.050051
0.010012
0.050007
0.010012
0.050051
0.007885
0.010012
0.007885
0.010012
0.052754
0.098659
0.039073
0.098659
0.052754
0.094149
0.013805
0.398243
0.385135
0.094149
0.081375
0.098659
0.081375
0.024569
0.098659
0.024569
0.081375
0.025988
0.024569
0.025988
0.024569
0.094149
0.011071
0.081375
0.011071
0.094149
0.010072
0.081375
0.011071
0.094149
0.003421
0.010072
0.081375
0.025988
0.003421
0.094149
0.052754
0.025988
0.052754
0.066720
0.003421
0.025988
0.005415
0.003421
0.066720
0.005415
0.010356
0.003421
0.005415
0.592898
0.153653
0.066720
0.529315
0.592898
0.060949
0.005415
0.153653
0.529315
0.066720
0.385135
0.008515
0.011537
0.010356
0.060949
0.034738
0.008515
0.011537
0.008515
0.005607
0.034738
0.005607
0.008515
0.005607
0.034738
0.017200
0.017200
0.011537
0.005607
0.011537
0.017200
0.018260
0.407334
0.529315
0.385135
0.529315
0.407334
0.509468
0.398243
0.407334
0.385135
0.407334
0.398243
0.413731
0.484262
0.407334
0.433609
0.432999
0.407334
0.413731
0.407334
0.432999
0.433609
0.010072
0.011071
0.024569
0.050051
0.098659
0.024569
0.007885
0.050051
0.010012
0.010012
0.003446
0.003446
0.050007
0.010012
0.050007
0.029333
0.083602
0.029333
0.050007
0.026005
0.041650
0.029333
0.026005
0.029333
0.041650
0.051258
0.010072
0.005495
0.010072
0.029849
0.005495
0.029849
0.010072
0.003421
0.050399
0.003421
0.010356
0.050399
0.010356
0.028889
0.011537
0.028889
0.010356
0.060949
0.028889
0.034738
0.028889
0.060949
0.050399
0.153653
0.050399
0.060949
0.592898
0.672793
0.153653
0.529315
0.672793
0.592898
0.546429
0.529315
0.509468
0.484262
0.546429
0.509468
0.546429
0.484262
0.532847
0.614533
0.631456
0.606695
0.631456
0.614533
0.627612
0.552414
0.627612
0.614533
0.627612
0.552414
0.556929
0.432999
0.556929
0.552414
0.556929
0.432999
0.413731
0.085824
0.103888
0.099504
0.103888
0.085824
0.081851
0.085824
0.064539
0.081851
0.064539
0.085824
0.072610
0.064539
0.029333
0.051258
0.029333
0.064539
0.056546
0.056546
0.055532
0.029333
0.055532
0.071926
0.029333
0.058843
0.068354
0.064647
0.071926
0.055532
0.067295
0.064647
0.061311
0.058843
0.061311
0.064647
0.063214
0.067295
0.062030
0.066190
0.061311
0.066190
0.062030
0.066190
0.061311
0.063214
0.816609
0.614533
0.606695
0.532847
0.816609
0.606695
0.484262
0.816609
0.532847
0.433609
0.816609
0.484262