10
10
10
10
10
10
10
10
10
10
10
10
10
10
10
10
10
10
10
10
10
10
10
10
10
10
10
10
10
10
10
10
7
7
8
12
11
17
17
5
6
6
9
10
7
10
7
9
10
10
10
10
10
10
10
10
10
10
7
7
12
10
12
10
18
15
14
14
14
13
11
14
14
5
8
13
11
17
15
15
12
15
14
13
13
15
15
19
13
13
12
10
20
10
10
10
5
11
11
10
10
10
8
10
11
5
5
10
5
18
10
11
11
11
7
10
7
11
11
15
10
11
10
10
10
10
16
10
13
10
20
8
20
18
20
20
7
20
13
20
18
10
13
10
10
10
10
10
10
20
20
20
8
20
10
20
16
10
9
13
10
8
10
10
10
13
5
10
10
15
9
10
15
7
15
7
8
17
7
7
6
11
12
6
6
7
9
10
11
11
11
10
15
15
15
15
15
15
20
13
13
13
13
13
8
8
8
8
14
15
14
14
14
14
14
16
14
15
15
15
15
13
13
12
10
10
10
10
10
10
16
10
11
11
11
11
6
6
6
6
10
11
11
11
11
11
11
17
11
11
11
11
11
11
10
11