0.525841
0.549030
0.522000
0.525841
0.522000
0.502432
0.579029
0.549030
0.525841
0.505491
0.525841
0.502432
0.505491
0.502432
0.489119
0.525841
0.563244
0.579029
0.525841
0.505491
0.536203
0.536203
0.563244
0.525841
0.489119
0.492067
0.505491
0.492067
0.489119
0.473905
0.517343
0.536203
0.505491
0.505491
0.492067
0.517343
0.473905
0.470120
0.492067
0.517343
0.492067
0.470120
0.605849
0.536203
0.517343
0.563244
0.536203
0.605849
0.470120
0.494233
0.517343
0.494233
0.470120
0.417232
0.417232
0.449194
0.494233
0.449194
0.417232
0.288979
0.590864
0.517343
0.494233
0.517343
0.590864
0.605849
0.537340
0.494233
0.449194
0.494233
0.537340
0.590864
0.288979
0.388854
0.449194
0.449194
0.471343
0.537340
0.471343
0.449194
0.388854
0.212619
0.200507
0.288979
0.388854
0.288979
0.200507
0.148262
0.200507
0.212619
0.200507
0.253138
0.388854
0.253138
0.200507
0.148262
0.148262
0.171577
0.253138
0.171577
0.148262
0.108052
0.352295
0.388854
0.253138
0.388854
0.352295
0.471343
0.257305
0.253138
0.171577
0.253138
0.257305
0.352295
0.108052
0.126198
0.171577
0.171577
0.190635
0.257305
0.190635
0.171577
0.126198
0.084914
0.083632
0.108052
0.126198
0.108052
0.083632
0.126198
0.143411
0.190635
0.083632
0.093394
0.126198
0.143411
0.126198
0.093394
0.083632
0.060362
0.072983
0.072983
0.093394
0.083632
0.045701
0.050508
0.060362
0.060083
0.072983
0.060362
0.060362
0.050508
0.060083
0.093394
0.072983
0.060083
0.009035
0.060083
0.050508
0.050508
0.002492
0.009035
0.002492
0.009035
0.002492
0.067450
0.060083
0.009035
0.060083
0.067450
0.093394
0.009035
0.023293
0.009035
0.009035
0.023293
0.067450
0.023293
0.009401
0.009401
0.009401
0.010693
0.000478
0.000478
0.001866
0.000478
0.001866
0.020018
0.010693
0.001866
0.020018
0.031374
0.010693
0.031374
0.009401
0.010693
0.057237
0.031374
0.057237
0.010693
0.020018
0.009401
0.031374
0.070575
0.070575
0.031374
0.057237
0.009401
0.049233
0.070575
0.049233
0.009401
0.049233
0.023293
0.023293
0.049233
0.081327
0.081327
0.067450
0.023293
0.049233
0.070575
0.114508
0.114508
0.081327
0.049233
0.111655
0.067450
0.081327
0.067450
0.111655
0.093394
0.093394
0.111655
0.143411
0.081327
0.127902
0.111655
0.127902
0.081327
0.114508
0.182400
0.143411
0.111655
0.111655
0.127902
0.182400
0.114508
0.155073
0.127902
0.182400
0.127902
0.155073
0.155073
0.114508
0.162915
0.162915
0.114508
0.070575
0.155073
0.241846
0.182400
0.162915
0.241846
0.155073
0.143411
0.182400
0.233018
0.233018
0.190635
0.143411
0.182400
0.241846
0.322904
0.322904
0.233018
0.182400
0.294928
0.241846
0.162915
0.322904
0.241846
0.294928
0.190635
0.233018
0.364725
0.364725
0.257305
0.190635
0.352295
0.257305
0.364725
0.233018
0.322904
0.452066
0.452066
0.364725
0.233018
0.364725
0.551454
0.352295
0.364725
0.452066
0.624348
0.624348
0.551454
0.364725
0.352295
0.551454
0.662667
0.662667
0.471343
0.352295
0.551454
0.624348
0.720920
0.720920
0.662667
0.551454
0.471343
0.662667
0.721112
0.721112
0.537340
0.471343
0.662667
0.720920
0.773664
0.773664
0.721112
0.662667
0.537340
0.721112
0.735610
0.735610
0.721112
0.773664
0.735610
0.590864
0.537340
0.789687
0.773664
0.720920
0.590864
0.735610
0.731817
0.731817
0.605849
0.590864
0.773664
0.789620
0.735610
0.789620
0.773664
0.789687
0.789511
0.731817
0.735610
0.735610
0.789620
0.789511
0.670720
0.605849
0.731817
0.605849
0.670720
0.563244
0.670720
0.735761
0.721227
0.731817
0.735761
0.670720
0.783696
0.721227
0.735761
0.785635
0.735761
0.731817
0.735761
0.785635
0.783696
0.731817
0.789511
0.785635
0.781912
0.785635
0.789511
0.789511
0.786781
0.781912
0.786781
0.789511
0.789620
0.708118
0.781912
0.786781
0.789620
0.793167
0.786781
0.789687
0.793167
0.789620
0.786781
0.698418
0.708118
0.698418
0.786781
0.793167
0.327127
0.708118
0.698418
0.698418
0.348317
0.327127
0.348317
0.698418
0.704495
0.793167
0.704495
0.698418
0.327127
0.348317
0.156980
0.156980
0.151683
0.327127
0.704495
0.335531
0.348317
0.156980
0.348317
0.335531
0.716321
0.704495
0.793167
0.793167
0.789687
0.716321
0.335531
0.704495
0.382669
0.382669
0.704495
0.716321
0.335531
0.166446
0.156980
0.166446
0.335531
0.382669
0.151683
0.156980
0.064956
0.064956
0.057364
0.151683
0.156980
0.166446
0.071818
0.071818
0.064956
0.156980
0.184642
0.166446
0.382669
0.071818
0.166446
0.184642
0.057364
0.064956
0.064956
0.071818
0.000729
0.000729
0.064956
0.184642
0.077959
0.071818
0.000729
0.071818
0.077959
0.057364
0.000729
0.000729
0.004800
0.077959
0.004800
0.000729
0.004800
0.004800
0.004800
0.017146
0.017146
0.004800
0.077959
0.017146
0.017146
0.044187
0.044187
0.077959
0.087870
0.017146
0.044187
0.017146
0.087870
0.087870
0.077959
0.184642
0.044187
0.033368
0.254644
0.087870
0.184642
0.254644
0.184642
0.382669
0.087870
0.121717
0.044187
0.121717
0.087870
0.254644
0.121717
0.033368
0.044187
0.254644
0.382669
0.551912
0.551912
0.382669
0.716321
0.254644
0.237848
0.121717
0.716321
0.730877
0.551912
0.730877
0.716321
0.789687
0.551912
0.604878
0.254644
0.604878
0.551912
0.730877
0.237848
0.254644
0.604878
0.789687
0.749902
0.730877
0.720920
0.749902
0.789687
0.749902
0.720920
0.624348
0.624348
0.687368
0.749902
0.730877
0.749902
0.687368
0.687368
0.624348
0.452066
0.687368
0.674226
0.730877
0.730877
0.674226
0.604878
0.452066
0.588637
0.687368
0.674226
0.687368
0.588637
0.588637
0.452066
0.322904
0.322904
0.487659
0.588637
0.487659
0.674226
0.588637
0.294928
0.487659
0.322904
0.674226
0.487659
0.518756
0.294928
0.329640
0.487659
0.329640
0.518756
0.487659
0.518756
0.621669
0.674226
0.604878
0.674226
0.621669
0.497818
0.518756
0.329640
0.518756
0.497818
0.621669
0.329640
0.294928
0.196892
0.162915
0.196892
0.294928
0.621669
0.562599
0.604878
0.604878
0.562599
0.237848
0.196892
0.162915
0.102539
0.070575
0.102539
0.162915
0.057237
0.102539
0.070575
0.102539
0.057237
0.067824
0.020018
0.067824
0.057237
0.102539
0.126608
0.196892
0.067824
0.126608
0.102539
0.020018
0.029669
0.067824
0.029669
0.020018
0.001866
0.206133
0.196892
0.126608
0.196892
0.206133
0.329640
0.126608
0.067824
0.083401
0.206133
0.330066
0.329640
0.329640
0.330066
0.497818
0.126608
0.135790
0.206133
0.083401
0.135790
0.126608
0.206133
0.135790
0.143027
0.083401
0.067824
0.067113
0.029669
0.067113
0.067824
0.135790
0.083401
0.084815
0.084815
0.143027
0.135790
0.067113
0.069516
0.083401
0.084815
0.083401
0.069516
0.067113
0.029669
0.039231
0.039231
0.069516
0.067113
0.001866
0.011023
0.029669
0.029669
0.011023
0.039231
0.001866
0.000478
0.011023
0.069516
0.039231
0.051825
0.069516
0.077955
0.084815
0.051825
0.077955
0.069516
0.084815
0.077955
0.051825
0.028374
0.051825
0.039231
0.039231
0.011023
0.028374
0.051825
0.054051
0.084815
0.036330
0.054051
0.051825
0.051825
0.028374
0.036330
0.084815
0.054051
0.058621
0.058621
0.054051
0.036330
0.037147
0.036330
0.028374
0.036330
0.037147
0.058621
0.058621
0.089576
0.084815
0.143027
0.084815
0.089576
0.058621
0.037147
0.037242
0.089576
0.142157
0.143027
0.089576
0.058621
0.092463
0.142157
0.089576
0.092463
0.037242
0.064545
0.058621
0.058621
0.064545
0.092463
0.222822
0.143027
0.142157
0.143027
0.222822
0.206133
0.222822
0.330066
0.206133
0.142157
0.214212
0.222822
0.330066
0.222822
0.214212
0.092463
0.142891
0.142157
0.214212
0.142157
0.142891
0.214212
0.347074
0.330066
0.142891
0.213307
0.214212
0.347074
0.214212
0.213307
0.330066
0.347074
0.498579
0.498579
0.497818
0.330066
0.213307
0.346848
0.347074
0.498579
0.347074
0.346848
0.574771
0.497818
0.498579
0.621669
0.497818
0.574771
0.346848
0.513308
0.498579
0.574771
0.538245
0.621669
0.621669
0.538245
0.562599
0.498579
0.566207
0.574771
0.538245
0.574771
0.566207
0.566207
0.498579
0.513308
0.562599
0.538245
0.244364
0.562599
0.244364
0.237848
0.566207
0.523191
0.538245
0.244364
0.538245
0.523191
0.237848
0.244364
0.122388
0.237848
0.122388
0.121717
0.121717
0.122388
0.033368
0.244364
0.228351
0.122388
0.523191
0.228351
0.244364
0.033368
0.122388
0.100684
0.228351
0.100684
0.122388
0.523191
0.566207
0.592706
0.513308
0.592706
0.566207
0.228351
0.523191
0.534169
0.592706
0.534169
0.523191
0.534169
0.234037
0.228351
0.100684
0.228351
0.234037
0.534169
0.592706
0.610962
0.234037
0.534169
0.532319
0.610962
0.532319
0.534169
0.592706
0.513308
0.531762
0.531762
0.610962
0.592706
0.532319
0.246677
0.234037
0.615392
0.532319
0.610962
0.246677
0.532319
0.615392
0.648776
0.610962
0.531762
0.610962
0.648776
0.615392
0.312792
0.531762
0.513308
0.513308
0.346848
0.312792
0.312792
0.346848
0.213307
0.531762
0.312792
0.317516
0.213307
0.225646
0.312792
0.317516
0.546966
0.531762
0.531762
0.546966
0.648776
0.230692
0.317516
0.312792
0.312792
0.225646
0.230692
0.152156
0.225646
0.213307
0.213307
0.142891
0.152156
0.230692
0.225646
0.152876
0.152156
0.152876
0.225646
0.317516
0.230692
0.237962
0.101661
0.152156
0.142891
0.142891
0.092463
0.101661
0.237962
0.336060
0.317516
0.546966
0.317516
0.336060
0.156715
0.237962
0.230692
0.230692
0.152876
0.156715
0.336060
0.237962
0.219910
0.156715
0.219910
0.237962
0.336060
0.572446
0.546966
0.546966
0.572446
0.653813
0.653813
0.648776
0.546966
0.336060
0.588576
0.572446
0.572446
0.588576
0.653813
0.710894
0.648776
0.653813
0.710894
0.653813
0.588576
0.701471
0.648776
0.710894
0.648776
0.701471
0.615392
0.710894
0.748887
0.701471
0.701471
0.684584
0.615392
0.684584
0.701471
0.748887
0.615392
0.684584
0.338604
0.615392
0.338604
0.246677
0.748887
0.710894
0.684053
0.588576
0.684053
0.710894
0.748887
0.780769
0.684584
0.684053
0.741338
0.748887
0.780769
0.748887
0.741338
0.684053
0.588576
0.508593
0.741338
0.684053
0.605260
0.508593
0.605260
0.684053
0.741338
0.791654
0.780769
0.324918
0.508593
0.588576
0.605260
0.680446
0.741338
0.791654
0.741338
0.680446
0.605260
0.508593
0.248156
0.248156
0.508593
0.324918
0.680446
0.605260
0.286665
0.248156
0.286665
0.605260
0.588576
0.354286
0.324918
0.354286
0.588576
0.336060
0.219910
0.354286
0.336060
0.324918
0.354286
0.224124
0.354286
0.219910
0.177680
0.177680
0.224124
0.354286
0.324918
0.186299
0.248156
0.186299
0.324918
0.224124
0.116973
0.177680
0.219910
0.224124
0.134068
0.186299
0.219910
0.150875
0.116973
0.150875
0.219910
0.156715
0.224124
0.177680
0.117432
0.117432
0.134068
0.224124
0.116973
0.080266
0.177680
0.117432
0.177680
0.080266
0.067179
0.116973
0.150875
0.039568
0.080266
0.116973
0.116973
0.067179
0.039568
0.117432
0.080266
0.065905
0.150875
0.078598
0.067179
0.078598
0.150875
0.156715
0.134068
0.117432
0.059933
0.059933
0.117432
0.065905
0.156715
0.083760
0.078598
0.083760
0.156715
0.152876
0.059933
0.078766
0.134068
0.186299
0.134068
0.078766
0.078766
0.101756
0.186299
0.186299
0.101756
0.248156
0.076367
0.078766
0.059933
0.101756
0.078766
0.076367
0.101756
0.139650
0.248156
0.286665
0.248156
0.139650
0.101756
0.076367
0.099534
0.099534
0.139650
0.101756
0.139650
0.184367
0.286665
0.139650
0.099534
0.137977
0.137977
0.184367
0.139650
0.114151
0.099534
0.076367
0.137977
0.099534
0.114151
0.379918
0.286665
0.184367
0.286665
0.379918
0.680446
0.184367
0.137977
0.225915
0.184367
0.263471
0.379918
0.225915
0.263471
0.184367
0.680446
0.379918
0.600589
0.379918
0.263471
0.461642
0.461642
0.600589
0.379918
0.263471
0.225915
0.428987
0.428987
0.461642
0.263471
0.600589
0.753880
0.680446
0.680446
0.753880
0.791654
0.600589
0.461642
0.540190
0.753880
0.600589
0.712090
0.540190
0.712090
0.600589
0.791654
0.753880
0.787686
0.712090
0.787686
0.753880
0.489711
0.540190
0.461642
0.461642
0.428987
0.489711
0.712090
0.540190
0.578270
0.478936
0.489711
0.428987
0.540190
0.489711
0.517303
0.517303
0.578270
0.540190
0.489711
0.478936
0.495383
0.495383
0.517303
0.489711
0.428987
0.435022
0.478936
0.225915
0.435022
0.428987
0.428022
0.435022
0.347796
0.347796
0.435022
0.225915
0.347796
0.352351
0.428022
0.188895
0.347796
0.225915
0.352351
0.347796
0.188895
0.225915
0.137977
0.188895
0.114151
0.188895
0.137977
0.188895
0.114151
0.120500
0.120500
0.114151
0.085167
0.076367
0.085167
0.114151
0.085167
0.076367
0.048931
0.048931
0.053353
0.085167
0.059933
0.048931
0.076367
0.058672
0.053353
0.036371
0.036371
0.053353
0.048931
0.028443
0.048931
0.059933
0.048931
0.028443
0.036371
0.036371
0.028443
0.059933
0.049616
0.028443
0.065905
0.049616
0.059933
0.028443
0.049616
0.028443
0.065905
0.027997
0.049616
0.049616
0.027997
0.007851
0.027997
0.065905
0.007851
0.027997
0.065905
0.080266
0.007851
0.039568
0.007851
0.080266
0.007851
0.007851
0.039568
0.000326
0.039568
0.039568
0.067179
0.067179
0.019130
0.019130
0.019130
0.067179
0.078598
0.019130
0.078598
0.038339
0.019130
0.019130
0.038339
0.038339
0.078598
0.083760
0.038339
0.001158
0.001158
0.083760
0.045373
0.038339
0.001158
0.038339
0.045373
0.001158
0.001158
0.010294
0.045373
0.010294
0.001158
0.010294
0.010294
0.045373
0.049427
0.049427
0.045373
0.083760
0.010294
0.019605
0.049427
0.019605
0.010294
0.005454
0.019605
0.005454
0.005454
0.005454
0.019605
0.030424
0.005454
0.017851
0.017851
0.009903
0.030424
0.017851
0.005454
0.003166
0.009903
0.012396
0.012396
0.006946
0.003166
0.007454
0.006946
0.012396
0.009903
0.017851
0.021762
0.012396
0.011847
0.007454
0.012396
0.009903
0.015729
0.012396
0.015729
0.011847
0.021762
0.015729
0.009903
0.034939
0.021762
0.017851
0.017851
0.030424
0.034939
0.056576
0.034939
0.030424
0.040622
0.034939
0.056576
0.040622
0.021762
0.034939
0.030424
0.057028
0.056576
0.057028
0.030424
0.019605
0.019605
0.049427
0.057028
0.056576
0.062345
0.040622
0.057028
0.049427
0.087118
0.083760
0.087118
0.049427
0.056576
0.057028
0.087389
0.087118
0.087389
0.057028
0.062345
0.056576
0.087389
0.152876
0.087118
0.083760
0.107303
0.087389
0.087118
0.087118
0.152876
0.107303
0.087389
0.089495
0.062345
0.089495
0.087389
0.107303
0.126131
0.107303
0.152876
0.152876
0.152156
0.126131
0.107303
0.108255
0.089495
0.108255
0.107303
0.126131
0.126131
0.152156
0.101661
0.089495
0.108255
0.115184
0.126131
0.115184
0.108255
0.115184
0.093630
0.089495
0.093630
0.115184
0.126131
0.089495
0.093630
0.062345
0.126131
0.101661
0.093630
0.093630
0.065100
0.062345
0.065100
0.093630
0.101661
0.062345
0.065100
0.042224
0.042224
0.040622
0.062345
0.021762
0.040622
0.042224
0.101661
0.066405
0.065100
0.042224
0.065100
0.066405
0.066405
0.101661
0.092463
0.092463
0.064545
0.066405
0.042224
0.023261
0.021762
0.015729
0.021762
0.023261
0.066405
0.040720
0.042224
0.040720
0.066405
0.064545
0.023261
0.042224
0.040720
0.064545
0.037242
0.040720
0.015729
0.023261
0.021859
0.040720
0.021859
0.023261
0.021859
0.040720
0.037242
0.021859
0.011847
0.015729
0.037242
0.019571
0.021859
0.019571
0.011847
0.021859
0.019571
0.037242
0.037147
0.011847
0.019571
0.016813
0.037147
0.016813
0.019571
0.028374
0.016813
0.037147
0.017157
0.016813
0.028374
0.007133
0.016813
0.017157
0.017157
0.028374
0.011023
0.017157
0.012367
0.007133
0.012367
0.017157
0.011023
0.012367
0.011023
0.006902
0.000478
0.006902
0.011023
0.000478
0.016845
0.007870
0.074551
0.007870
0.016845
0.021419
0.021419
0.016845
0.016845
0.081286
0.074551
0.181922
0.074551
0.081286
0.016845
0.021419
0.085513
0.085513
0.081286
0.016845
0.081286
0.182521
0.181922
0.182521
0.081286
0.085513
0.181922
0.182521
0.406216
0.406216
0.409324
0.181922
0.085513
0.196380
0.182521
0.406216
0.182521
0.196380
0.409324
0.406216
0.674188
0.674188
0.674361
0.409324
0.196380
0.424106
0.406216
0.674361
0.674188
0.791510
0.678874
0.674188
0.406216
0.406216
0.424106
0.678874
0.794651
0.791510
0.674188
0.674188
0.678874
0.794651
0.791510
0.794651
0.795049
0.795049
0.791983
0.791510
0.791983
0.795049
0.732237
0.732237
0.734306
0.791983
0.734306
0.732237
0.608698
0.608698
0.624217
0.734306
0.624217
0.558334
0.584950
0.558334
0.624217
0.608698
0.578270
0.608698
0.732237
0.608698
0.540675
0.558334
0.530680
0.558334
0.540675
0.540675
0.608698
0.578270
0.540675
0.511049
0.530680
0.517303
0.495383
0.511049
0.511049
0.540675
0.517303
0.578270
0.517303
0.540675
0.732237
0.737314
0.578270
0.737314
0.732237
0.795049
0.578270
0.737314
0.712090
0.787686
0.712090
0.737314
0.795049
0.795937
0.737314
0.737314
0.795937
0.787686
0.795937
0.795049
0.794651
0.794651
0.798878
0.795937
0.798878
0.794651
0.678874
0.807067
0.787686
0.795937
0.795937
0.798878
0.807067
0.805964
0.787686
0.807067
0.787686
0.805964
0.791654
0.780769
0.791654
0.805964
0.805964
0.753400
0.780769
0.753400
0.805964
0.807067
0.684584
0.780769
0.753400
0.720009
0.807067
0.798878
0.807067
0.720009
0.753400
0.753400
0.614010
0.684584
0.614010
0.753400
0.720009
0.684584
0.614010
0.338604
0.798878
0.685514
0.720009
0.678874
0.685514
0.798878
0.685514
0.678874
0.424106
0.499557
0.720009
0.685514
0.720009
0.499557
0.614010
0.424106
0.424604
0.685514
0.685514
0.424604
0.499557
0.424604
0.424106
0.196380
0.196380
0.186868
0.424604
0.186868
0.196380
0.085513
0.190558
0.499557
0.424604
0.424604
0.186868
0.190558
0.085513
0.086587
0.186868
0.190558
0.186868
0.086587
0.086587
0.085513
0.021419
0.499557
0.190558
0.199304
0.199304
0.614010
0.499557
0.086587
0.083715
0.190558
0.199304
0.190558
0.083715
0.021419
0.020029
0.086587
0.083715
0.086587
0.020029
0.020029
0.021419
0.083715
0.071925
0.199304
0.020029
0.020029
0.013842
0.083715
0.013842
0.020029
0.071925
0.083715
0.013842
0.013842
0.004959
0.013842
0.013842
0.004959
0.071925
0.004959
0.033368
0.033368
0.028261
0.028261
0.100684
0.028261
0.033368
0.004959
0.028261
0.034663
0.034663
0.034663
0.028261
0.100684
0.004959
0.057165
0.034663
0.057165
0.100684
0.107127
0.034663
0.057165
0.034663
0.107127
0.234037
0.107127
0.100684
0.107127
0.234037
0.246677
0.107127
0.122923
0.057165
0.246677
0.122923
0.107127
0.057165
0.066524
0.004959
0.066524
0.057165
0.122923
0.066524
0.071925
0.004959
0.199304
0.071925
0.066524
0.182617
0.122923
0.246677
0.122923
0.182617
0.066524
0.066524
0.182617
0.199304
0.246677
0.338604
0.182617
0.182617
0.614010
0.199304
0.338604
0.614010
0.182617
0.597395
0.616101
0.719723
0.597395
0.583512
0.544483
0.544483
0.583512
0.556146
0.556146
0.583512
0.620726
0.620726
0.583512
0.639272
0.639272
0.583512
0.597395
0.620726
0.730856
0.652711
0.620726
0.639272
0.730856
0.739046
0.652711
0.730856
0.791668
0.739046
0.730856
0.597395
0.713000
0.639272
0.719723
0.713000
0.597395
0.730856
0.639272
0.755117
0.755117
0.639272
0.713000
0.730856
0.804982
0.791668
0.804982
0.730856
0.755117
0.792386
0.791668
0.804982
0.773011
0.713000
0.719723
0.713000
0.773011
0.755117
0.719723
0.788075
0.773011
0.804440
0.755117
0.773011
0.755117
0.804440
0.804982
0.808409
0.773011
0.788075
0.773011
0.808409
0.804440
0.804982
0.769374
0.792386
0.804982
0.804440
0.787567
0.787567
0.769374
0.804982
0.787567
0.804440
0.808409
0.769374
0.787567
0.656451
0.656451
0.561733
0.769374
0.561733
0.656451
0.226160
0.226160
0.262824
0.561733
0.127313
0.262824
0.226160
0.251504
0.226160
0.656451
0.226160
0.082068
0.127313
0.061756
0.127313
0.082068
0.082068
0.226160
0.251504
0.082068
0.012392
0.061756
0.061756
0.012392
0.012392
0.012392
0.054933
0.012392
0.022067
0.022067
0.022067
0.012392
0.082068
0.050503
0.054933
0.022067
0.050503
0.082068
0.087390
0.022067
0.050503
0.022067
0.087390
0.251504
0.087390
0.082068
0.054933
0.050503
0.116709
0.087390
0.116709
0.050503
0.283463
0.116709
0.087390
0.087390
0.251504
0.283463
0.283463
0.251504
0.661149
0.656451
0.661149
0.251504
0.661149
0.656451
0.787567
0.302493
0.283463
0.653858
0.661149
0.653858
0.283463
0.653858
0.730895
0.302493
0.787567
0.784280
0.661149
0.653858
0.661149
0.784280
0.808409
0.784280
0.787567
0.730895
0.653858
0.761441
0.784280
0.761441
0.653858
0.783567
0.730895
0.761441
0.784280
0.808409
0.795840
0.795840
0.761441
0.784280
0.761441
0.795840
0.783567
0.788075
0.795840
0.808409
0.005892
0.002720
0.003044
0.003044
0.003261
0.002720
0.003044
0.003261
0.002720
0.522000
0.549030
0.544483
0.640240
0.579029
0.563244
0.470120
0.473905
0.428022
0.428022
0.417232
0.470120
0.417232
0.428022
0.352351
0.352351
0.288979
0.417232
0.288979
0.352351
0.212619
0.212619
0.120500
0.148262
0.108052
0.148262
0.120500
0.108052
0.120500
0.084914
0.083632
0.084914
0.058672
0.058672
0.060362
0.083632
0.060362
0.058672
0.045701
0.050508
0.045701
0.000326
0.000326
0.002492
0.050508
0.002492
0.000326
0.563244
0.670720
0.640240
0.721227
0.640240
0.670720
0.783567
0.783696
0.785635
0.785635
0.781912
0.783567
0.730895
0.783567
0.781912
0.781912
0.708118
0.730895
0.302493
0.730895
0.708118
0.708118
0.327127
0.302493
0.302493
0.327127
0.151683
0.151683
0.149053
0.302493
0.054933
0.149053
0.151683
0.151683
0.057364
0.054933
0.054933
0.057364
0.054933
0.478936
0.473905
0.495383
0.473905
0.478936
0.435022
0.495383
0.473905
0.489119
0.435022
0.428022
0.473905
0.495383
0.489119
0.502432
0.188895
0.212619
0.352351
0.120500
0.212619
0.188895
0.085167
0.084914
0.120500
0.084914
0.085167
0.053353
0.053353
0.058672
0.084914
0.036371
0.045701
0.058672
0.045701
0.036371
0.000326
0.045701
0.000326
0.009903
0.009903
0.003166
0.007454
0.011847
0.005892
0.005892
0.007133
0.005892
0.016813
0.007133
0.016813
0.005892
0.011847
0.006902
0.007133
0.012367
0.007133
0.006902
0.000478
0.000478
0.007133
0.007133
0.007870
0.791510
0.792386
0.674361
0.792386
0.791510
0.791983
0.791983
0.791668
0.792386
0.791668
0.791983
0.734306
0.734306
0.739046
0.791668
0.652711
0.739046
0.734306
0.734306
0.624217
0.652711
0.584950
0.652711
0.624217
0.556146
0.584950
0.558334
0.558334
0.530680
0.556146
0.544483
0.556146
0.530680
0.530680
0.522000
0.544483
0.502432
0.522000
0.530680
0.530680
0.511049
0.502432
0.502432
0.511049
0.495383
0.640240
0.616101
0.579029
0.616101
0.640240
0.721227
0.579029
0.616101
0.597395
0.597395
0.549030
0.579029
0.544483
0.549030
0.597395
0.721227
0.719723
0.616101
0.788075
0.719723
0.721227
0.721227
0.783696
0.788075
0.620726
0.584950
0.556146
0.652711
0.584950
0.620726
0.674361
0.792386
0.769374
0.769374
0.561733
0.674361
0.409324
0.674361
0.561733
0.262824
0.409324
0.561733
0.181922
0.409324
0.262824
0.262824
0.127313
0.181922
0.074551
0.181922
0.127313
0.127313
0.061756
0.074551
0.007870
0.074551
0.061756
0.061756
0.007870
0.007870
0.116709
0.149053
0.054933
0.149053
0.116709
0.283463
0.283463
0.302493
0.149053
0.783696
0.783567
0.795840
0.795840
0.788075
0.783696
0.003261
0.006946
0.007454
0.003166
0.006946
0.003261
0.007454
0.003044
0.003261
0.003044
0.007454
0.005892
0.003261
0.003166
0.002720
0.005892
0.002720
0.003166
0.003166