0.007602
0.007602
0.007602
0.020013
0.020013
0.044785
0.007602
0.020013
0.007602
0.044785
0.020013
0.026370
0.026370
0.026370
0.031854
0.031854
0.001294
0.001294
0.031854
0.044591
0.044591
0.001294
0.001294
0.009370
0.009370
0.001294
0.044591
0.054194
0.054194
0.009370
0.001294
0.009370
0.016886
0.016886
0.009370
0.054194
0.016886
0.086056
0.054194
0.044591
0.016886
0.017926
0.017926
0.054194
0.068311
0.016886
0.068311
0.054194
0.086056
0.074036
0.017926
0.016886
0.016886
0.068311
0.074036
0.017926
0.026764
0.029178
0.017926
0.026764
0.075476
0.029178
0.026764
0.076896
0.026764
0.017926
0.026764
0.076896
0.075476
0.017926
0.074036
0.076896
0.125627
0.076896
0.074036
0.074036
0.120133
0.125627
0.120133
0.074036
0.068311
0.238259
0.125627
0.120133
0.068311
0.111532
0.120133
0.086056
0.111532
0.068311
0.120133
0.250091
0.238259
0.250091
0.120133
0.111532
0.672873
0.238259
0.250091
0.250091
0.649606
0.672873
0.649606
0.250091
0.244581
0.111532
0.244581
0.250091
0.672873
0.649606
0.843020
0.843020
0.848317
0.672873
0.244581
0.661284
0.649606
0.843020
0.649606
0.661284
0.221497
0.244581
0.111532
0.111532
0.086056
0.221497
0.661284
0.244581
0.597360
0.597360
0.244581
0.221497
0.661284
0.833554
0.843020
0.833554
0.661284
0.597360
0.848317
0.843020
0.935044
0.935044
0.942636
0.848317
0.843020
0.833554
0.928182
0.928182
0.935044
0.843020
0.815358
0.833554
0.597360
0.928182
0.833554
0.815358
0.942636
0.935044
1.000000
0.935044
0.928182
0.999271
0.999271
1.000000
0.935044
0.815358
0.922041
0.928182
0.999271
0.928182
0.922041
1.000000
1.000000
0.942636
1.000000
1.000000
1.000000
1.000000
1.000000
1.000000
1.000000
0.999271
1.000000
1.000000
1.000000
1.000000
1.000000
1.000000
1.000000
1.000000
1.000000
1.000000
1.000000
1.000000
1.000000
1.000000
1.000000
1.000000
1.000000
1.000000
1.000000
1.000000
1.000000
1.000000
1.000000
0.999271
0.995200
0.922041
0.995200
0.999271
1.000000
1.000000
1.000000
0.995200
1.000000
1.000000
1.000000
1.000000
1.000000
1.000000
1.000000
0.995200
1.000000
1.000000
1.000000
1.000000
1.000000
1.000000
0.995200
0.982854
1.000000
0.982854
0.995200
0.922041
1.000000
1.000000
1.000000
0.982854
1.000000
1.000000
1.000000
1.000000
1.000000
1.000000
1.000000
1.000000
1.000000
0.982854
0.955813
0.955813
1.000000
1.000000
0.922041
0.912130
0.982854
0.955813
0.982854
0.912130
0.912130
0.922041
0.815358
0.955813
0.966632
1.000000
0.734963
0.912130
0.815358
0.734963
0.815358
0.597360
0.912130
0.878283
0.955813
0.878283
0.912130
0.734963
0.878283
0.966632
0.955813
0.734963
0.597360
0.393612
0.393612
0.597360
0.221497
0.734963
0.734020
0.878283
0.221497
0.162645
0.393612
0.162645
0.221497
0.086056
0.393612
0.317746
0.734963
0.317746
0.393612
0.162645
0.734020
0.734963
0.317746
0.086056
0.072680
0.162645
0.044591
0.072680
0.086056
0.072680
0.044591
0.031854
0.031854
0.067570
0.072680
0.162645
0.072680
0.067570
0.067570
0.031854
0.026370
0.067570
0.139667
0.162645
0.162645
0.139667
0.317746
0.026370
0.069603
0.067570
0.139667
0.067570
0.069603
0.069603
0.026370
0.020013
0.020013
0.071458
0.069603
0.071458
0.139667
0.069603
0.044785
0.071458
0.020013
0.139667
0.071458
0.107340
0.044785
0.071558
0.071458
0.071558
0.107340
0.071458
0.107340
0.183560
0.139667
0.317746
0.139667
0.183560
0.133283
0.107340
0.071558
0.107340
0.133283
0.183560
0.071558
0.044785
0.021430
0.021430
0.044785
0.183560
0.340565
0.317746
0.317746
0.340565
0.734020
0.021430
0.021430
0.039385
0.021430
0.021430
0.039385
0.071558
0.039385
0.082493
0.071558
0.071558
0.082493
0.133283
0.006462
0.039385
0.006462
0.039385
0.006462
0.014466
0.006462
0.014466
0.006462
0.014466
0.015481
0.014466
0.015481
0.053133
0.014466
0.015481
0.014466
0.053133
0.039385
0.053133
0.082493
0.039385
0.015481
0.052247
0.053133
0.082493
0.053133
0.052247
0.015542
0.015481
0.052247
0.015481
0.015542
0.052247
0.091372
0.082493
0.015542
0.051355
0.052247
0.091372
0.052247
0.051355
0.082493
0.091372
0.144388
0.144388
0.133283
0.082493
0.051355
0.088895
0.091372
0.144388
0.091372
0.088895
0.209562
0.133283
0.144388
0.183560
0.133283
0.209562
0.088895
0.135471
0.144388
0.209562
0.336837
0.183560
0.183560
0.336837
0.340565
0.144388
0.225887
0.209562
0.336837
0.209562
0.225887
0.225887
0.144388
0.135471
0.340565
0.336837
0.707289
0.340565
0.707289
0.734020
0.225887
0.366043
0.336837
0.707289
0.336837
0.366043
0.734020
0.707289
0.877612
0.734020
0.877612
0.878283
0.878283
0.877612
0.966632
0.707289
0.734916
0.877612
0.366043
0.734916
0.707289
0.966632
0.877612
0.899316
0.734916
0.899316
0.877612
0.366043
0.225887
0.214576
0.135471
0.214576
0.225887
0.734916
0.366043
0.374003
0.214576
0.374003
0.366043
0.374003
0.737622
0.734916
0.899316
0.734916
0.737622
0.374003
0.214576
0.212661
0.737622
0.374003
0.381690
0.212661
0.381690
0.374003
0.214576
0.135471
0.121607
0.121607
0.212661
0.214576
0.381690
0.729244
0.737622
0.287555
0.381690
0.212661
0.729244
0.381690
0.287555
0.172149
0.212661
0.121607
0.212661
0.172149
0.287555
0.073027
0.121607
0.135471
0.135471
0.088895
0.073027
0.073027
0.088895
0.051355
0.121607
0.073027
0.061572
0.051355
0.050938
0.073027
0.061572
0.098821
0.121607
0.121607
0.098821
0.172149
0.037622
0.061572
0.073027
0.073027
0.050938
0.037622
0.017161
0.050938
0.051355
0.051355
0.015542
0.017161
0.037622
0.050938
0.006168
0.017161
0.006168
0.050938
0.061572
0.037622
0.022008
0.017161
0.015542
0.015542
0.022008
0.047507
0.061572
0.098821
0.061572
0.047507
0.022008
0.037622
0.037622
0.006168
0.047507
0.022008
0.022008
0.047507
0.072995
0.098821
0.098821
0.072995
0.076047
0.076047
0.172149
0.098821
0.047507
0.035529
0.072995
0.072995
0.035529
0.076047
0.092979
0.172149
0.076047
0.092979
0.076047
0.035529
0.184104
0.172149
0.092979
0.172149
0.184104
0.287555
0.092979
0.104435
0.184104
0.184104
0.248755
0.287555
0.248755
0.184104
0.104435
0.287555
0.248755
0.627692
0.287555
0.627692
0.729244
0.104435
0.092979
0.043570
0.035529
0.043570
0.092979
0.104435
0.121802
0.248755
0.043570
0.051056
0.104435
0.121802
0.104435
0.051056
0.043570
0.035529
0.051056
0.043570
0.002094
0.002094
0.043570
0.051056
0.064562
0.121802
0.035529
0.002094
0.003221
0.051056
0.064562
0.051056
0.003221
0.002094
0.003221
0.002094
0.002094
0.035529
0.010759
0.010759
0.035529
0.047507
0.010759
0.047507
0.010759
0.010759
0.010759
0.006168
0.003221
0.003221
0.018473
0.003221
0.003221
0.018473
0.064562
0.018473
0.064562
0.018473
0.042158
0.042158
0.018473
0.006168
0.006168
0.001299
0.006168
0.006168
0.017161
0.001299
0.001299
0.001299
0.017161
0.001299
0.001299
0.001299
1.000000
1.000000
1.000000
1.000000
1.000000
1.000000
1.000000
1.000000
1.000000
1.000000
0.983155
0.992130
0.925449
0.992130
0.983155
1.000000
1.000000
0.978581
0.978581
0.983155
1.000000
0.983155
0.918714
0.925449
0.818078
0.925449
0.918714
0.983155
0.978581
0.914487
0.914487
0.918714
0.983155
0.918714
0.817479
0.818078
0.817479
0.918714
0.914487
0.818078
0.817479
0.593784
0.593784
0.590676
0.818078
0.914487
0.803620
0.817479
0.593784
0.817479
0.803620
0.590676
0.593784
0.294876
0.294876
0.298562
0.590676
0.803620
0.575894
0.593784
0.298562
0.294876
0.124036
0.286814
0.294876
0.593784
0.593784
0.575894
0.286814
0.121070
0.124036
0.294876
0.294876
0.286814
0.121070
0.124036
0.121070
0.063703
0.063703
0.068226
0.124036
0.068226
0.063703
0.008957
0.008957
0.019381
0.068226
0.019381
0.008957
0.019381
0.008957
0.008957
0.005248
0.005248
0.008957
0.063703
0.005248
0.042158
0.005248
0.063703
0.058176
0.005248
0.005248
0.058176
0.042158
0.058176
0.063703
0.121070
0.121070
0.116827
0.058176
0.116827
0.121070
0.286814
0.095730
0.042158
0.058176
0.058176
0.116827
0.095730
0.083836
0.042158
0.095730
0.042158
0.083836
0.064562
0.121802
0.064562
0.083836
0.083836
0.181325
0.121802
0.181325
0.083836
0.095730
0.248755
0.121802
0.181325
0.229390
0.095730
0.116827
0.095730
0.229390
0.181325
0.181325
0.356799
0.248755
0.356799
0.181325
0.229390
0.248755
0.356799
0.627692
0.116827
0.278871
0.229390
0.286814
0.278871
0.116827
0.278871
0.286814
0.575894
0.498795
0.229390
0.278871
0.229390
0.498795
0.356799
0.575894
0.575396
0.278871
0.278871
0.575396
0.498795
0.575396
0.575894
0.803620
0.803620
0.813132
0.575396
0.813132
0.803620
0.914487
0.809442
0.498795
0.575396
0.575396
0.813132
0.809442
0.914487
0.913413
0.813132
0.809442
0.813132
0.913413
0.913413
0.914487
0.978581
0.498795
0.809442
0.800696
0.800696
0.356799
0.498795
0.913413
0.916285
0.809442
0.800696
0.809442
0.916285
0.978581
0.979971
0.913413
0.916285
0.913413
0.979971
0.979971
0.978581
1.000000
0.916285
0.928075
0.800696
1.000000
1.000000
0.979971
1.000000
1.000000
1.000000
0.979971
0.986158
0.916285
0.986158
0.979971
1.000000
0.928075
0.916285
0.986158
1.000000
1.000000
1.000000
1.000000
1.000000
1.000000
1.000000
1.000000
0.986158
1.000000
1.000000
1.000000
1.000000
1.000000
1.000000
1.000000
1.000000
1.000000
1.000000
1.000000
1.000000
0.995041
0.986158
1.000000
0.986158
0.995041
0.928075
1.000000
1.000000
1.000000
1.000000
1.000000
1.000000
1.000000
1.000000
0.995041
1.000000
1.000000
1.000000
1.000000
1.000000
1.000000
1.000000
1.000000
1.000000
1.000000
1.000000
0.966632
1.000000
1.000000
1.000000
1.000000
1.000000
1.000000
0.966632
0.971739
1.000000
1.000000
1.000000
0.971739
0.899316
0.971739
0.966632
1.000000
1.000000
1.000000
1.000000
0.995041
1.000000
0.971739
0.965337
1.000000
1.000000
1.000000
0.965337
0.965337
0.971739
0.899316
0.995041
1.000000
0.942835
0.965337
0.942835
1.000000
0.899316
0.892873
0.965337
0.942835
0.965337
0.892873
0.737622
0.892873
0.899316
0.892873
0.737622
0.729244
0.892873
0.877077
0.942835
0.729244
0.877077
0.892873
0.942835
0.933476
0.995041
0.933476
0.942835
0.877077
0.933476
0.928075
0.995041
0.800696
0.928075
0.933476
0.817383
0.877077
0.729244
0.877077
0.817383
0.933476
0.933476
0.817383
0.800696
0.729244
0.627692
0.817383
0.817383
0.356799
0.800696
0.627692
0.356799
0.817383
0.024434
0.004535
0.004535
0.019899
0.004535
0.019899
0.027505
0.019899
0.069732
0.027505
0.019899
0.018300
0.004535
0.024434
0.018300
0.019899
0.004535
0.040902
0.040902
0.004535
0.018300
0.019899
0.081819
0.069732
0.081819
0.019899
0.040902
0.126315
0.069732
0.081819
0.052891
0.018300
0.024434
0.018300
0.052891
0.040902
0.024434
0.069318
0.052891
0.075006
0.040902
0.052891
0.040902
0.075006
0.081819
0.093784
0.052891
0.069318
0.052891
0.093784
0.075006
0.081819
0.174260
0.126315
0.081819
0.075006
0.156080
0.156080
0.174260
0.081819
0.156080
0.075006
0.093784
0.174260
0.156080
0.343549
0.343549
0.438267
0.174260
0.438267
0.343549
0.773840
0.773840
0.737176
0.438267
0.872687
0.737176
0.773840
0.748496
0.773840
0.343549
0.773840
0.917932
0.872687
0.938244
0.872687
0.917932
0.917932
0.773840
0.748496
0.917932
0.987608
0.938244
1.000000
0.938244
0.987608
1.000000
1.000000
1.000000
1.000000
1.000000
1.000000
1.000000
1.000000
1.000000
0.987608
1.000000
1.000000
1.000000
1.000000
1.000000
1.000000
1.000000
1.000000
1.000000
1.000000
0.987608
1.000000
1.000000
1.000000
1.000000
1.000000
1.000000
1.000000
1.000000
1.000000
1.000000
1.000000
1.000000
1.000000
1.000000
1.000000
1.000000
1.000000
1.000000
1.000000
1.000000
1.000000
1.000000
1.000000
1.000000
1.000000
1.000000
1.000000
1.000000
1.000000
1.000000
0.945067
1.000000
1.000000
0.987608
0.977933
1.000000
1.000000
1.000000
0.977933
0.977933
0.987608
0.917932
1.000000
0.949497
0.945067
0.977933
0.949497
1.000000
0.917932
0.912610
0.977933
0.949497
0.977933
0.912610
0.748496
0.912610
0.917932
0.945067
0.949497
0.883291
0.912610
0.883291
0.949497
0.716537
0.883291
0.912610
0.912610
0.748496
0.716537
0.716537
0.748496
0.338851
0.343549
0.338851
0.748496
0.338851
0.343549
0.156080
0.697507
0.716537
0.333245
0.338851
0.333245
0.716537
0.333245
0.214589
0.697507
0.156080
0.160510
0.338851
0.333245
0.338851
0.160510
0.093784
0.160510
0.156080
0.214589
0.333245
0.182400
0.160510
0.182400
0.333245
0.127056
0.214589
0.182400
0.160510
0.093784
0.116499
0.116499
0.182400
0.160510
0.182400
0.116499
0.127056
0.069318
0.116499
0.093784
0.004068
0.004068
0.029178
0.004068
0.127056
0.075476
0.076896
0.076896
0.125627
0.127056
0.214589
0.127056
0.125627
0.125627
0.238259
0.214589
0.697507
0.214589
0.238259
0.238259
0.672873
0.697507
0.697507
0.672873
0.848317
0.848317
0.850947
0.697507
0.945067
0.850947
0.848317
0.848317
0.942636
0.945067
0.945067
0.942636
1.000000
1.000000
1.000000
0.945067
1.000000
1.000000
1.000000
1.000000
1.000000
1.000000
1.000000
1.000000
1.000000
1.000000
1.000000
1.000000
1.000000
1.000000
1.000000
1.000000
1.000000
1.000000
1.000000
1.000000
1.000000
1.000000
1.000000
1.000000
1.000000
1.000000
1.000000
1.000000
1.000000
1.000000
1.000000
1.000000
1.000000
1.000000
1.000000
1.000000
1.000000
1.000000
1.000000
1.000000
1.000000
1.000000
1.000000
1.000000
1.000000
1.000000
1.000000
1.000000
1.000000
1.000000
1.000000
0.992130
1.000000
1.000000
0.124036
0.126315
0.298562
0.126315
0.124036
0.068226
0.068226
0.069732
0.126315
0.069732
0.068226
0.019381
0.019381
0.027505
0.069732
0.027505
0.019381
0.019381
1.000000
1.000000
1.000000
1.000000
1.000000
1.000000
0.004068
0.004068
0.029178
0.029178
0.024434
0.069318
0.024434
0.029178
0.029178
0.075476
0.069318
0.298562
0.126315
0.174260
0.174260
0.438267
0.298562
0.590676
0.298562
0.438267
0.737176
0.590676
0.438267
0.818078
0.590676
0.737176
0.737176
0.872687
0.818078
0.925449
0.818078
0.872687
0.872687
0.938244
0.925449
0.992130
0.925449
0.938244
0.938244
1.000000
0.992130
1.000000
0.992130
1.000000
1.000000
1.000000
1.000000
1.000000
1.000000
1.000000
1.000000
1.000000
1.000000
0.883291
0.850947
0.945067
0.850947
0.883291
0.716537
0.716537
0.697507
0.850947
0.075476
0.127056
0.116499
0.116499
0.069318
0.075476