0.017927
0.017927
0.016887
0.017927
0.016887
0.026765
0.017927
0.029179
0.026765
0.026765
0.029179
0.075476
0.075476
0.076897
0.026765
0.017927
0.026765
0.076897
0.076897
0.074037
0.017927
0.016887
0.017927
0.074037
0.074037
0.076897
0.125628
0.214589
0.238260
0.125628
0.125628
0.120133
0.074037
0.120133
0.125628
0.238260
0.074037
0.068312
0.016887
0.068312
0.074037
0.120133
0.238260
0.250092
0.120133
0.250092
0.238260
0.672872
0.120133
0.111532
0.068312
0.111532
0.120133
0.250092
0.672872
0.649607
0.250092
0.843020
0.649607
0.672872
0.672872
0.848317
0.843020
0.244582
0.250092
0.649607
0.250092
0.244582
0.111532
0.649607
0.661286
0.244582
0.661286
0.649607
0.843020
0.111532
0.244582
0.221498
0.661286
0.597362
0.244582
0.597362
0.221498
0.244582
0.843020
0.833554
0.661286
0.833554
0.597362
0.661286
0.935043
0.843020
0.848317
0.848317
0.942636
0.935043
0.928182
0.833554
0.843020
0.843020
0.935043
0.928182
0.815357
0.597362
0.833554
0.815357
0.833554
0.928182
1.000000
0.935043
0.942636
0.999271
0.928182
0.935043
0.935043
1.000000
0.999271
0.928182
0.922040
0.815357
0.922040
0.928182
0.999271
0.942636
1.000000
1.000000
1.000000
1.000000
1.000000
1.000000
1.000000
1.000000
1.000000
1.000000
1.000000
1.000000
1.000000
1.000000
1.000000
1.000000
1.000000
1.000000
1.000000
1.000000
1.000000
1.000000
1.000000
1.000000
1.000000
1.000000
1.000000
1.000000
1.000000
1.000000
1.000000
1.000000
1.000000
0.999271
1.000000
1.000000
1.000000
1.000000
1.000000
1.000000
1.000000
0.995199
0.999271
1.000000
1.000000
1.000000
0.995199
0.999271
0.995199
0.922040
1.000000
1.000000
1.000000
0.995199
1.000000
1.000000
1.000000
1.000000
1.000000
1.000000
0.982853
0.995199
0.922040
0.995199
0.982853
1.000000
1.000000
1.000000
0.982853
1.000000
1.000000
1.000000
1.000000
1.000000
1.000000
1.000000
1.000000
1.000000
0.955812
0.982853
0.955812
1.000000
1.000000
0.982853
0.912129
0.922040
0.912129
0.982853
0.955812
0.912129
0.815357
0.922040
0.955812
1.000000
0.966630
0.734965
0.815357
0.912129
0.734965
0.597362
0.815357
0.955812
0.878282
0.912129
0.734965
0.912129
0.878282
0.878282
0.955812
0.966630
0.393613
0.597362
0.734965
0.221498
0.597362
0.393613
0.878282
0.734023
0.734965
0.734965
0.317747
0.393613
0.317747
0.734965
0.734023
0.393613
0.162646
0.221498
0.162646
0.393613
0.317747
0.734023
0.878282
0.877611
0.878282
0.966630
0.877611
0.734023
0.340567
0.317747
0.734023
0.877611
0.707293
0.340567
0.734023
0.707293
0.317747
0.340567
0.183563
0.340567
0.707293
0.336839
0.183563
0.340567
0.336839
0.707293
0.877611
0.734919
0.183563
0.139669
0.317747
0.317747
0.139669
0.162646
0.366045
0.336839
0.707293
0.707293
0.734919
0.366045
0.209566
0.183563
0.336839
0.336839
0.366045
0.225890
0.225890
0.209566
0.336839
0.183563
0.209566
0.133289
0.209566
0.225890
0.144394
0.144394
0.133289
0.209566
0.107346
0.183563
0.133289
0.139669
0.183563
0.107346
0.071569
0.107346
0.133289
0.107346
0.071463
0.139669
0.071569
0.071463
0.107346
0.082504
0.133289
0.144394
0.133289
0.082504
0.071569
0.071463
0.069606
0.139669
0.139669
0.069606
0.067572
0.162646
0.139669
0.067572
0.069606
0.071463
0.020024
0.067572
0.072681
0.162646
0.067572
0.069606
0.026376
0.020024
0.026376
0.069606
0.072681
0.067572
0.031858
0.026376
0.031858
0.067572
0.162646
0.072681
0.086057
0.086057
0.221498
0.162646
0.221498
0.086057
0.111532
0.068312
0.111532
0.086057
0.086057
0.072681
0.044593
0.031858
0.044593
0.072681
0.086057
0.054195
0.068312
0.044593
0.054195
0.086057
0.016887
0.068312
0.054195
0.044593
0.031858
0.054195
0.009372
0.016887
0.016887
0.009372
0.054195
0.044593
0.001295
0.001295
0.009372
0.054195
0.001295
0.044593
0.009372
0.009372
0.001295
0.001295
0.001295
0.031858
0.031858
0.026376
0.026376
0.026376
0.020024
0.020024
0.007618
0.007618
0.020024
0.007618
0.044805
0.007618
0.020024
0.007618
0.044805
0.020024
0.071463
0.044805
0.044805
0.071463
0.071569
0.044805
0.021464
0.021464
0.044805
0.071569
0.021464
0.021464
0.071569
0.039422
0.021464
0.021464
0.039422
0.039422
0.071569
0.082504
0.039422
0.006520
0.006520
0.006520
0.014521
0.006520
0.039422
0.006520
0.014521
0.039422
0.053150
0.014521
0.053150
0.039422
0.082504
0.052263
0.053150
0.082504
0.014521
0.014521
0.015531
0.015531
0.014521
0.053150
0.053150
0.052263
0.015531
0.015531
0.015583
0.015531
0.052263
0.015531
0.015583
0.003223
0.018476
0.003223
0.018476
0.003223
0.002095
0.002095
0.003223
0.002095
0.010763
0.010763
0.010763
0.035531
0.035531
0.010763
0.047513
0.010763
0.010763
0.047513
0.035531
0.022016
0.022016
0.047513
0.037635
0.022016
0.061578
0.047513
0.022016
0.022016
0.037635
0.061578
0.047513
0.072997
0.035531
0.006187
0.037635
0.006187
0.098824
0.072997
0.047513
0.047513
0.061578
0.098824
0.072997
0.076048
0.035531
0.076048
0.072997
0.098824
0.035531
0.076048
0.092980
0.098824
0.172150
0.076048
0.092980
0.076048
0.172150
0.121611
0.098824
0.061578
0.172150
0.098824
0.121611
0.092980
0.043572
0.035531
0.035531
0.043572
0.043572
0.002095
0.092980
0.172150
0.184104
0.002095
0.043572
0.051057
0.051057
0.003223
0.002095
0.043572
0.092980
0.104436
0.104436
0.051057
0.043572
0.184104
0.104436
0.092980
0.003223
0.051057
0.064563
0.064563
0.018476
0.003223
0.051057
0.104436
0.121803
0.121803
0.064563
0.051057
0.104436
0.184104
0.248756
0.248756
0.121803
0.104436
0.042163
0.018476
0.064563
0.018476
0.042163
0.083837
0.064563
0.121803
0.064563
0.083837
0.042163
0.121803
0.181325
0.083837
0.181325
0.121803
0.248756
0.083837
0.095731
0.042163
0.095731
0.083837
0.181325
0.005261
0.042163
0.005261
0.058179
0.042163
0.095731
0.042163
0.058179
0.005261
0.181325
0.229391
0.095731
0.095731
0.116828
0.058179
0.116828
0.095731
0.229391
0.005261
0.058179
0.063707
0.058179
0.116828
0.121072
0.121072
0.063707
0.058179
0.005261
0.008975
0.063707
0.008975
0.005261
0.008975
0.008975
0.063707
0.068230
0.008975
0.019401
0.068230
0.019401
0.008975
0.124038
0.068230
0.063707
0.063707
0.121072
0.124038
0.068230
0.124038
0.126316
0.294878
0.124038
0.121072
0.019401
0.121072
0.286816
0.294878
0.593783
0.294878
0.286816
0.286816
0.121072
0.116828
0.116828
0.278872
0.286816
0.229391
0.278872
0.116828
0.286816
0.575892
0.593783
0.575892
0.286816
0.278872
0.593783
0.575892
0.803619
0.803619
0.817478
0.593783
0.278872
0.575395
0.575892
0.803619
0.575892
0.575395
0.278872
0.229391
0.498797
0.498797
0.575395
0.278872
0.817478
0.803619
0.914487
0.914487
0.918714
0.817478
0.983155
0.918714
0.914487
0.914487
0.803619
0.813131
0.575395
0.813131
0.803619
1.000000
1.000000
1.000000
0.809441
0.813131
0.575395
0.575395
0.498797
0.809441
1.000000
1.000000
1.000000
0.913413
0.813131
0.809441
0.813131
0.913413
0.914487
1.000000
1.000000
1.000000
1.000000
1.000000
1.000000
1.000000
1.000000
1.000000
1.000000
1.000000
1.000000
1.000000
1.000000
1.000000
1.000000
0.983155
0.978581
0.914487
0.978581
0.983155
0.978581
1.000000
1.000000
0.978581
0.914487
0.913413
1.000000
0.978581
0.979970
0.913413
0.979970
0.978581
1.000000
1.000000
1.000000
0.979970
1.000000
1.000000
1.000000
1.000000
1.000000
1.000000
1.000000
1.000000
0.979970
0.913413
0.916285
0.809441
0.916285
0.913413
1.000000
1.000000
1.000000
1.000000
1.000000
1.000000
1.000000
1.000000
1.000000
1.000000
1.000000
1.000000
1.000000
1.000000
1.000000
1.000000
1.000000
1.000000
1.000000
0.979970
0.986158
0.986158
1.000000
1.000000
0.916285
0.986158
0.979970
1.000000
1.000000
1.000000
0.986158
0.916285
0.928074
1.000000
0.986158
0.995041
0.928074
0.995041
0.986158
0.995041
1.000000
1.000000
0.800695
0.928074
0.916285
0.916285
0.809441
0.800695
0.800695
0.809441
0.498797
0.933475
0.995041
0.928074
0.933475
0.928074
0.800695
1.000000
1.000000
0.995041
0.498797
0.356799
0.800695
0.356799
0.498797
0.229391
0.229391
0.181325
0.356799
0.248756
0.356799
0.181325
0.817382
0.800695
0.356799
0.800695
0.817382
0.933475
0.248756
0.627694
0.356799
0.627694
0.817382
0.356799
0.287555
0.627694
0.248756
0.184104
0.287555
0.248756
0.172150
0.287555
0.184104
0.817382
0.627694
0.729246
0.729246
0.627694
0.287555
0.933475
0.817382
0.877076
0.729246
0.877076
0.817382
0.877076
0.942835
0.933475
0.995041
0.933475
0.942835
0.942835
1.000000
0.995041
0.942835
0.877076
0.892872
0.892872
0.877076
0.729246
1.000000
0.942835
0.965336
0.892872
0.965336
0.942835
0.965336
1.000000
1.000000
1.000000
1.000000
1.000000
1.000000
1.000000
1.000000
0.965336
0.892872
0.899315
1.000000
1.000000
1.000000
1.000000
1.000000
1.000000
1.000000
1.000000
1.000000
0.966630
1.000000
1.000000
1.000000
0.965336
0.971738
0.971738
1.000000
1.000000
1.000000
0.971738
0.966630
0.899315
0.971738
0.965336
0.966630
0.971738
0.899315
0.899315
0.877611
0.966630
0.734919
0.877611
0.899315
0.899315
0.892872
0.737625
0.737625
0.734919
0.899315
0.729246
0.737625
0.892872
0.734919
0.737625
0.374005
0.374005
0.366045
0.734919
0.737625
0.729246
0.381691
0.381691
0.374005
0.737625
0.287555
0.381691
0.729246
0.366045
0.374005
0.214578
0.212663
0.381691
0.287555
0.374005
0.381691
0.212663
0.212663
0.214578
0.374005
0.287555
0.172150
0.212663
0.214578
0.225890
0.366045
0.121611
0.212663
0.172150
0.214578
0.212663
0.121611
0.225890
0.214578
0.135476
0.121611
0.135476
0.214578
0.135476
0.144394
0.225890
0.135476
0.121611
0.073035
0.061578
0.073035
0.121611
0.073035
0.061578
0.037635
0.144394
0.135476
0.088903
0.073035
0.088903
0.135476
0.088903
0.091382
0.144394
0.144394
0.091382
0.082504
0.082504
0.091382
0.052263
0.091382
0.088903
0.051368
0.051368
0.052263
0.091382
0.051368
0.088903
0.073035
0.052263
0.051368
0.015583
0.037635
0.050948
0.073035
0.073035
0.050948
0.051368
0.037635
0.006187
0.050948
0.051368
0.050948
0.017192
0.017192
0.015583
0.051368
0.017192
0.050948
0.006187
0.015583
0.017192
0.015583
0.006187
0.001330
0.017192
0.001330
0.017192
0.001330
0.006187
0.006187
0.001330
0.006187
0.001330
0.001330
0.001330
0.024435
0.004538
0.004538
0.019907
0.019907
0.004538
0.004538
0.018303
0.018303
0.024435
0.019907
0.040906
0.004538
0.018303
0.004538
0.040906
0.069736
0.081821
0.019907
0.040906
0.019907
0.081821
0.024435
0.018303
0.052892
0.040906
0.052892
0.018303
0.052892
0.069319
0.024435
0.052892
0.040906
0.075007
0.081821
0.075007
0.040906
0.069319
0.052892
0.093785
0.075007
0.093785
0.052892
0.093785
0.116499
0.069319
0.156081
0.075007
0.081821
0.093785
0.075007
0.156081
0.081821
0.174260
0.156081
0.116499
0.093785
0.160511
0.156081
0.160511
0.093785
0.298564
0.438265
0.174260
0.590674
0.438265
0.298564
0.343548
0.156081
0.174260
0.174260
0.438265
0.343548
0.737178
0.438265
0.590674
0.737178
0.590674
0.818078
0.438265
0.737178
0.773842
0.773842
0.343548
0.438265
0.818078
0.872686
0.737178
0.773842
0.737178
0.872686
0.872686
0.818078
0.925449
0.343548
0.773842
0.748495
0.925449
0.938243
0.872686
0.938243
0.925449
0.992130
0.872686
0.917932
0.773842
0.917932
0.872686
0.938243
0.748495
0.773842
0.917932
0.992130
1.000000
0.938243
0.938243
0.987608
0.917932
0.987608
0.938243
1.000000
1.000000
1.000000
0.987608
1.000000
1.000000
1.000000
1.000000
1.000000
1.000000
0.987608
1.000000
1.000000
1.000000
1.000000
1.000000
1.000000
1.000000
1.000000
1.000000
1.000000
1.000000
1.000000
1.000000
1.000000
1.000000
1.000000
1.000000
1.000000
1.000000
1.000000
1.000000
1.000000
1.000000
1.000000
0.977932
0.987608
0.977932
1.000000
1.000000
0.917932
0.987608
0.977932
0.945067
0.949496
1.000000
1.000000
0.949496
0.977932
0.977932
0.912610
0.917932
0.912610
0.977932
0.949496
0.917932
0.912610
0.748495
0.883291
0.949496
0.945067
0.949496
0.883291
0.912610
0.912610
0.883291
0.716536
0.716536
0.748495
0.912610
0.338851
0.748495
0.716536
0.748495
0.338851
0.343548
0.156081
0.343548
0.338851
0.338851
0.160511
0.156081
0.333246
0.716536
0.697507
0.716536
0.333246
0.338851
0.160511
0.338851
0.333246
0.333246
0.182400
0.160511
0.160511
0.182400
0.116499
0.127057
0.116499
0.182400
0.004069
0.004069
0.004069
0.029179
0.076897
0.075476
0.127057
0.127057
0.125628
0.076897
0.125628
0.127057
0.214589
0.238260
0.214589
0.697507
0.697507
0.672872
0.238260
0.848317
0.672872
0.697507
0.697507
0.850947
0.848317
0.848317
0.850947
0.945067
0.945067
0.942636
0.848317
1.000000
0.942636
0.945067
0.945067
1.000000
1.000000
1.000000
1.000000
1.000000
1.000000
1.000000
1.000000
1.000000
1.000000
1.000000
1.000000
1.000000
1.000000
1.000000
1.000000
1.000000
1.000000
1.000000
1.000000
1.000000
1.000000
1.000000
1.000000
1.000000
1.000000
1.000000
1.000000
1.000000
1.000000
1.000000
1.000000
1.000000
1.000000
1.000000
0.126316
0.069736
0.068230
0.019401
0.068230
0.069736
0.298564
0.126316
0.124038
0.069736
0.027519
0.019401
0.019401
0.027519
0.124038
0.294878
0.298564
0.590674
0.298564
0.294878
0.019401
0.294878
0.593783
0.590674
0.818078
0.590674
0.593783
0.593783
0.817478
0.818078
0.818078
0.817478
0.918714
0.918714
0.925449
0.818078
0.925449
0.918714
0.983155
0.983155
0.992130
0.925449
0.992130
0.983155
1.000000
1.000000
1.000000
0.992130
1.000000
1.000000
1.000000
1.000000
1.000000
1.000000
1.000000
1.000000
1.000000
0.004069
0.029179
0.004069
0.024435
0.029179
0.029179
0.024435
0.069319
0.069319
0.075476
0.029179
0.075476
0.069319
0.116499
0.116499
0.127057
0.075476
0.027519
0.019907
0.019907
0.027519
0.069736
0.081821
0.069736
0.126316
0.126316
0.174260
0.081821
0.174260
0.126316
0.298564
1.000000
0.992130
1.000000
1.000000
1.000000
1.000000
1.000000
1.000000
1.000000
1.000000
1.000000
1.000000
1.000000
1.000000
1.000000
1.000000
1.000000
1.000000
1.000000
1.000000
1.000000
1.000000
1.000000
1.000000
1.000000
1.000000
1.000000
1.000000
1.000000
1.000000
1.000000
1.000000
0.945067
0.945067
0.850947
0.883291
0.716536
0.883291
0.850947
0.850947
0.697507
0.716536
0.697507
0.214589
0.333246
0.214589
0.182400
0.333246
0.182400
0.214589
0.127057