0.579031
0.563247
0.525848
0.525848
0.563247
0.536206
0.536206
0.505498
0.525848
0.605852
0.536206
0.563247
0.563247
0.670723
0.605852
0.505498
0.536206
0.517346
0.517346
0.536206
0.605852
0.505498
0.492073
0.489136
0.517346
0.492073
0.505498
0.473918
0.489136
0.492073
0.492073
0.470125
0.473918
0.470125
0.492073
0.517346
0.428028
0.473918
0.470125
0.470125
0.417236
0.428028
0.352356
0.428028
0.417236
0.517346
0.494236
0.470125
0.417236
0.470125
0.494236
0.417236
0.288983
0.352356
0.212624
0.352356
0.288983
0.494236
0.449198
0.417236
0.288983
0.417236
0.449198
0.494236
0.517346
0.590866
0.605852
0.590866
0.517346
0.449198
0.494236
0.537342
0.590866
0.537342
0.494236
0.590866
0.605852
0.731819
0.731819
0.605852
0.670723
0.537342
0.590866
0.735612
0.731819
0.735612
0.590866
0.670723
0.735763
0.731819
0.721229
0.735763
0.670723
0.735763
0.721229
0.783698
0.783698
0.785636
0.735763
0.731819
0.735763
0.785636
0.785636
0.789513
0.731819
0.735612
0.731819
0.789513
0.789513
0.785636
0.781913
0.730896
0.708119
0.781913
0.781913
0.786782
0.789513
0.786782
0.781913
0.708119
0.789513
0.789622
0.735612
0.789622
0.789513
0.786782
0.708119
0.698418
0.786782
0.698418
0.708119
0.327128
0.786782
0.793168
0.789622
0.793168
0.786782
0.698418
0.327128
0.348319
0.698418
0.156980
0.348319
0.327128
0.327128
0.151683
0.156980
0.704496
0.698418
0.348319
0.698418
0.704496
0.793168
0.348319
0.335532
0.704496
0.335532
0.348319
0.156980
0.793168
0.704496
0.716323
0.335532
0.382671
0.704496
0.382671
0.716323
0.704496
0.156980
0.166446
0.335532
0.166446
0.382671
0.335532
0.064957
0.156980
0.151683
0.151683
0.057364
0.064957
0.071818
0.166446
0.156980
0.156980
0.064957
0.071818
0.184643
0.382671
0.166446
0.184643
0.166446
0.071818
0.064957
0.057364
0.000729
0.071818
0.064957
0.064957
0.000729
0.071818
0.077960
0.184643
0.077960
0.071818
0.000729
0.057364
0.000729
0.004801
0.000729
0.004801
0.000729
0.004801
0.077960
0.004801
0.017147
0.004801
0.077960
0.004801
0.017147
0.017147
0.044188
0.017147
0.044188
0.017147
0.087871
0.077960
0.087871
0.017147
0.044188
0.087871
0.184643
0.077960
0.044188
0.033370
0.254647
0.184643
0.087871
0.254647
0.382671
0.184643
0.044188
0.121718
0.087871
0.254647
0.087871
0.121718
0.121718
0.044188
0.033370
0.551915
0.382671
0.254647
0.716323
0.382671
0.551915
0.121718
0.237852
0.254647
0.254647
0.604883
0.551915
0.604883
0.254647
0.237852
0.551915
0.730882
0.716323
0.730882
0.551915
0.604883
0.237852
0.121718
0.122389
0.121718
0.033370
0.122389
0.237852
0.562606
0.604883
0.237852
0.122389
0.244369
0.562606
0.237852
0.244369
0.604883
0.562606
0.621684
0.562606
0.244369
0.538256
0.621684
0.562606
0.538256
0.244369
0.122389
0.228355
0.621684
0.674237
0.604883
0.604883
0.674237
0.730882
0.523199
0.538256
0.244369
0.244369
0.228355
0.523199
0.574789
0.621684
0.538256
0.538256
0.523199
0.566223
0.566223
0.574789
0.538256
0.621684
0.574789
0.497852
0.574789
0.566223
0.498609
0.498609
0.497852
0.574789
0.518788
0.621684
0.497852
0.674237
0.621684
0.518788
0.329698
0.518788
0.497852
0.518788
0.487690
0.674237
0.329698
0.487690
0.518788
0.330125
0.497852
0.498609
0.497852
0.330125
0.329698
0.487690
0.588654
0.674237
0.674237
0.588654
0.687377
0.730882
0.674237
0.687377
0.588654
0.487690
0.322931
0.687377
0.749908
0.730882
0.687377
0.588654
0.452081
0.322931
0.452081
0.588654
0.749908
0.687377
0.624356
0.452081
0.624356
0.687377
0.730882
0.749908
0.789690
0.789690
0.716323
0.730882
0.716323
0.789690
0.793168
0.789622
0.793168
0.789690
0.789690
0.749908
0.720925
0.624356
0.720925
0.749908
0.789690
0.773667
0.789622
0.720925
0.773667
0.789690
0.735612
0.789622
0.773667
0.720925
0.624356
0.551462
0.773667
0.721114
0.735612
0.735612
0.721114
0.537342
0.773667
0.720925
0.662671
0.662671
0.721114
0.773667
0.551462
0.662671
0.720925
0.471346
0.537342
0.721114
0.721114
0.662671
0.471346
0.537342
0.471346
0.449198
0.662671
0.551462
0.352301
0.352301
0.471346
0.662671
0.388859
0.449198
0.471346
0.471346
0.352301
0.388859
0.449198
0.388859
0.288983
0.364737
0.551462
0.624356
0.352301
0.551462
0.364737
0.624356
0.452081
0.364737
0.200512
0.288983
0.388859
0.288983
0.200512
0.212624
0.253145
0.388859
0.352301
0.388859
0.253145
0.200512
0.212624
0.200512
0.148269
0.148269
0.200512
0.253145
0.148269
0.120507
0.212624
0.352301
0.257314
0.253145
0.364737
0.257314
0.352301
0.253145
0.171587
0.148269
0.171587
0.253145
0.257314
0.108062
0.120507
0.148269
0.108062
0.148269
0.171587
0.084922
0.120507
0.108062
0.257314
0.190648
0.171587
0.190648
0.257314
0.364737
0.171587
0.126213
0.108062
0.126213
0.171587
0.190648
0.108062
0.083647
0.084922
0.083647
0.108062
0.126213
0.058685
0.084922
0.083647
0.364737
0.233038
0.190648
0.233038
0.364737
0.452081
0.452081
0.322931
0.233038
0.143429
0.190648
0.233038
0.190648
0.143429
0.126213
0.182426
0.233038
0.322931
0.233038
0.182426
0.143429
0.093414
0.126213
0.143429
0.126213
0.093414
0.083647
0.111683
0.143429
0.182426
0.143429
0.111683
0.093414
0.083647
0.060384
0.058685
0.045732
0.058685
0.060384
0.083647
0.093414
0.073009
0.073009
0.060384
0.083647
0.060114
0.073009
0.093414
0.060384
0.073009
0.060114
0.060384
0.050533
0.045732
0.060114
0.050533
0.060384
0.000393
0.045732
0.050533
0.093414
0.067492
0.060114
0.067492
0.093414
0.111683
0.050533
0.002588
0.000393
0.000393
0.002588
0.050533
0.060114
0.009163
0.009163
0.002588
0.050533
0.009163
0.060114
0.067492
0.002588
0.002588
0.009163
0.067492
0.023450
0.009163
0.009163
0.009163
0.023450
0.004234
0.004234
0.003236
0.003236
0.012927
0.008989
0.008989
0.012927
0.014140
0.004234
0.012927
0.003236
0.014140
0.012927
0.018612
0.009060
0.014140
0.018612
0.030796
0.012927
0.004234
0.004234
0.021165
0.030796
0.004234
0.021165
0.018612
0.018074
0.009060
0.021165
0.011820
0.011820
0.018612
0.029515
0.018074
0.018612
0.012927
0.029515
0.011820
0.031818
0.029515
0.012927
0.040236
0.030796
0.040236
0.012927
0.031818
0.057487
0.011820
0.021165
0.011820
0.057487
0.009759
0.031818
0.009759
0.009759
0.021165
0.068091
0.030796
0.057487
0.068091
0.021165
0.009759
0.023450
0.049423
0.009759
0.023450
0.049423
0.070695
0.031818
0.009759
0.009759
0.049423
0.070695
0.057487
0.031818
0.070695
0.081381
0.049423
0.023450
0.023450
0.067492
0.081381
0.081381
0.067492
0.111683
0.049423
0.081381
0.114575
0.114575
0.070695
0.049423
0.111683
0.127942
0.081381
0.114575
0.081381
0.127942
0.182426
0.127942
0.111683
0.127942
0.155121
0.114575
0.155121
0.127942
0.182426
0.070695
0.114575
0.162992
0.162992
0.114575
0.155121
0.182426
0.241887
0.155121
0.155121
0.241887
0.162992
0.322931
0.241887
0.182426
0.294978
0.241887
0.322931
0.162992
0.241887
0.294978
0.322931
0.487690
0.294978
0.294978
0.487690
0.329698
0.294978
0.196979
0.162992
0.196979
0.294978
0.329698
0.162992
0.102676
0.070695
0.102676
0.162992
0.196979
0.070695
0.102676
0.057487
0.068091
0.057487
0.102676
0.196979
0.126764
0.102676
0.102676
0.126764
0.068091
0.329698
0.206228
0.196979
0.126764
0.196979
0.206228
0.206228
0.329698
0.330125
0.083653
0.068091
0.126764
0.206228
0.135943
0.126764
0.126764
0.135943
0.083653
0.067423
0.068091
0.083653
0.030796
0.068091
0.067423
0.040236
0.030796
0.067423
0.083653
0.069821
0.067423
0.067423
0.069821
0.040236
0.085060
0.083653
0.135943
0.069821
0.083653
0.085060
0.143171
0.135943
0.206228
0.135943
0.143171
0.085060
0.052234
0.040236
0.069821
0.040236
0.052234
0.029515
0.085060
0.078225
0.069821
0.069821
0.078225
0.052234
0.052234
0.078225
0.085060
0.206228
0.222913
0.143171
0.222913
0.206228
0.330125
0.085060
0.054404
0.052234
0.214298
0.222913
0.330125
0.052234
0.054404
0.037323
0.037323
0.029515
0.052234
0.058911
0.054404
0.085060
0.037323
0.054404
0.058911
0.029515
0.037323
0.038030
0.058911
0.038030
0.037323
0.038030
0.018074
0.029515
0.085060
0.089782
0.058911
0.089782
0.085060
0.143171
0.020586
0.018074
0.038030
0.143171
0.142289
0.089782
0.142289
0.143171
0.222913
0.222913
0.214298
0.142289
0.092627
0.089782
0.142289
0.089782
0.092627
0.058911
0.142998
0.142289
0.214298
0.142289
0.142998
0.092627
0.037909
0.038030
0.058911
0.038030
0.037909
0.020586
0.058911
0.092627
0.064764
0.058911
0.064764
0.037909
0.066586
0.064764
0.092627
0.041257
0.037909
0.064764
0.064764
0.066586
0.041257
0.022700
0.020586
0.037909
0.037909
0.041257
0.022700
0.018074
0.020586
0.012972
0.020586
0.022700
0.012972
0.023945
0.022700
0.041257
0.016578
0.012972
0.022700
0.013239
0.012972
0.016578
0.022700
0.023945
0.016578
0.013239
0.010511
0.003812
0.013239
0.016578
0.010511
0.016578
0.023945
0.022293
0.010511
0.016578
0.022293
0.041257
0.042668
0.023945
0.022293
0.023945
0.042668
0.042668
0.041257
0.066586
0.022293
0.018284
0.010511
0.010511
0.018284
0.018284
0.005735
0.005735
0.005735
0.001259
0.001259
0.028459
0.028459
0.036393
0.036393
0.028459
0.048943
0.048943
0.053361
0.036393
0.085173
0.053361
0.048943
0.059938
0.048943
0.028459
0.048943
0.076372
0.085173
0.114156
0.085173
0.076372
0.076372
0.048943
0.059938
0.076372
0.099538
0.114156
0.137981
0.188900
0.114156
0.114156
0.099538
0.137981
0.225922
0.347802
0.188900
0.347802
0.225922
0.435034
0.188900
0.137981
0.225922
0.225922
0.429007
0.435034
0.478965
0.435034
0.429007
0.429007
0.489768
0.478965
0.495426
0.478965
0.489768
0.429007
0.225922
0.263479
0.495426
0.511114
0.502453
0.263479
0.461658
0.429007
0.489768
0.429007
0.461658
0.184371
0.263479
0.225922
0.225922
0.137981
0.184371
0.489768
0.517421
0.495426
0.511114
0.495426
0.517421
0.517421
0.489768
0.540225
0.461658
0.540225
0.489768
0.517421
0.540918
0.511114
0.461658
0.263479
0.379926
0.379926
0.263479
0.184371
0.540225
0.461658
0.600602
0.379926
0.600602
0.461658
0.540225
0.578326
0.517421
0.540918
0.517421
0.578326
0.600602
0.712113
0.540225
0.578326
0.540225
0.712113
0.600602
0.379926
0.680451
0.712113
0.600602
0.753886
0.680451
0.753886
0.600602
0.184371
0.286669
0.379926
0.680451
0.379926
0.286669
0.139654
0.184371
0.137981
0.286669
0.184371
0.139654
0.137981
0.099538
0.139654
0.101760
0.139654
0.099538
0.099538
0.076372
0.101760
0.139654
0.248160
0.286669
0.101760
0.248160
0.139654
0.101760
0.076372
0.078770
0.059938
0.078770
0.076372
0.186303
0.101760
0.078770
0.186303
0.248160
0.101760
0.134073
0.078770
0.059938
0.078770
0.134073
0.186303
0.605264
0.286669
0.248160
0.286669
0.605264
0.680451
0.248160
0.186303
0.324924
0.248160
0.508598
0.605264
0.324924
0.508598
0.248160
0.186303
0.134073
0.224131
0.224131
0.324924
0.186303
0.224131
0.134073
0.117438
0.059938
0.117438
0.134073
0.324924
0.224131
0.354296
0.117438
0.177688
0.224131
0.354296
0.224131
0.177688
0.065911
0.117438
0.059938
0.324924
0.354296
0.588580
0.588580
0.508598
0.324924
0.059938
0.049628
0.065911
0.028459
0.049628
0.059938
0.049628
0.028459
0.065911
0.049628
0.028015
0.028015
0.049628
0.007874
0.028015
0.065911
0.028015
0.007874
0.007874
0.117438
0.065911
0.080273
0.007874
0.080273
0.065911
0.117438
0.080273
0.177688
0.039588
0.007874
0.039588
0.080273
0.007874
0.116984
0.177688
0.080273
0.116984
0.080273
0.039588
0.039588
0.067195
0.039588
0.039588
0.067195
0.116984
0.019177
0.019177
0.067195
0.019177
0.150896
0.116984
0.067195
0.038409
0.019177
0.001259
0.038409
0.078625
0.067195
0.019177
0.019177
0.038409
0.078625
0.067195
0.078625
0.150896
0.045473
0.038409
0.001259
0.083801
0.078625
0.038409
0.038409
0.045473
0.083801
0.156748
0.150896
0.078625
0.078625
0.083801
0.156748
0.116984
0.150896
0.219924
0.150896
0.156748
0.219924
0.219924
0.177688
0.116984
0.177688
0.219924
0.354296
0.336076
0.354296
0.219924
0.354296
0.336076
0.588580
0.156748
0.237985
0.219924
0.219924
0.237985
0.336076
0.230727
0.237985
0.156748
0.317545
0.336076
0.237985
0.237985
0.230727
0.317545
0.336076
0.572457
0.588580
0.156748
0.152925
0.230727
0.152925
0.156748
0.083801
0.546980
0.572457
0.336076
0.336076
0.317545
0.546980
0.572457
0.653819
0.588580
0.653819
0.572457
0.546980
0.588580
0.653819
0.710898
0.546980
0.648784
0.653819
0.710898
0.653819
0.648784
0.531781
0.546980
0.317545
0.648784
0.546980
0.531781
0.710898
0.684055
0.588580
0.508598
0.588580
0.684055
0.684055
0.605264
0.508598
0.710898
0.648784
0.701475
0.605264
0.684055
0.741342
0.741342
0.680451
0.605264
0.684055
0.710898
0.748891
0.748891
0.741342
0.684055
0.701475
0.748891
0.710898
0.680451
0.741342
0.791659
0.791659
0.753886
0.680451
0.741342
0.748891
0.780772
0.780772
0.791659
0.741342
0.748891
0.701475
0.684587
0.684587
0.780772
0.748891
0.787695
0.753886
0.791659
0.753886
0.787695
0.712113
0.805969
0.791659
0.780772
0.791659
0.805969
0.787695
0.780772
0.753403
0.805969
0.753403
0.780772
0.684587
0.805969
0.807074
0.787695
0.807074
0.805969
0.753403
0.737339
0.712113
0.787695
0.712113
0.737339
0.578326
0.795953
0.787695
0.807074
0.787695
0.795953
0.737339
0.753403
0.720011
0.807074
0.807074
0.798886
0.795953
0.798886
0.807074
0.720011
0.737339
0.795953
0.795068
0.795953
0.798886
0.794661
0.794661
0.795068
0.795953
0.578326
0.737339
0.732270
0.795068
0.732270
0.737339
0.732270
0.608762
0.578326
0.578326
0.608762
0.540918
0.732270
0.795068
0.792008
0.608762
0.732270
0.734366
0.792008
0.734366
0.732270
0.563458
0.540918
0.608762
0.791522
0.792008
0.795068
0.795068
0.794661
0.791522
0.792008
0.791522
0.792397
0.674195
0.791522
0.794661
0.734366
0.624439
0.608762
0.608762
0.624439
0.563458
0.540918
0.563458
0.530761
0.530761
0.511114
0.540918
0.502453
0.511114
0.530761
0.794661
0.678881
0.674195
0.406217
0.674195
0.678881
0.678881
0.794661
0.798886
0.798886
0.685520
0.678881
0.720011
0.685520
0.798886
0.678881
0.424108
0.406217
0.424108
0.678881
0.685520
0.406217
0.424108
0.196381
0.196381
0.182522
0.406217
0.685520
0.424605
0.424108
0.196381
0.424108
0.424605
0.685520
0.720011
0.499559
0.499559
0.424605
0.685520
0.182522
0.196381
0.085513
0.085513
0.081286
0.182522
0.016845
0.081286
0.085513
0.085513
0.196381
0.186869
0.424605
0.186869
0.196381
0.190559
0.186869
0.424605
0.424605
0.499559
0.190559
0.086587
0.186869
0.190559
0.186869
0.086587
0.085513
0.016845
0.021419
0.085513
0.021419
0.016845
0.021419
0.021419
0.085513
0.086587
0.021419
0.020030
0.086587
0.020030
0.021419
0.020030
0.020030
0.086587
0.083715
0.190559
0.083715
0.086587
0.020030
0.013842
0.013842
0.083715
0.013842
0.020030
0.013842
0.083715
0.071926
0.013842
0.004959
0.071926
0.004959
0.013842
0.004959
0.199305
0.071926
0.083715
0.083715
0.190559
0.199305
0.199305
0.190559
0.499559
0.066525
0.004959
0.071926
0.066525
0.071926
0.199305
0.004959
0.499559
0.614014
0.199305
0.614014
0.499559
0.720011
0.720011
0.753403
0.614014
0.684587
0.614014
0.753403
0.182618
0.199305
0.614014
0.199305
0.182618
0.066525
0.684587
0.338606
0.614014
0.338606
0.182618
0.614014
0.615396
0.338606
0.684587
0.701475
0.615396
0.684587
0.648784
0.615396
0.701475
0.182618
0.338606
0.246680
0.246680
0.338606
0.615396
0.066525
0.182618
0.122924
0.246680
0.122924
0.182618
0.122924
0.057165
0.066525
0.004959
0.066525
0.057165
0.057165
0.004959
0.057165
0.122924
0.107128
0.107128
0.122924
0.246680
0.057165
0.034664
0.107128
0.034664
0.057165
0.034664
0.034664
0.107128
0.100685
0.033370
0.034664
0.028262
0.028262
0.028262
0.033370
0.100685
0.028262
0.034664
0.033370
0.028262
0.100685
0.100685
0.122389
0.033370
0.228355
0.122389
0.100685
0.100685
0.107128
0.234040
0.234040
0.228355
0.100685
0.246680
0.234040
0.107128
0.228355
0.234040
0.534175
0.534175
0.523199
0.228355
0.234040
0.246680
0.532324
0.532324
0.534175
0.234040
0.615396
0.532324
0.246680
0.523199
0.534175
0.592720
0.610972
0.532324
0.615396
0.534175
0.532324
0.610972
0.610972
0.592720
0.534175
0.615396
0.648784
0.610972
0.592720
0.566223
0.523199
0.531781
0.610972
0.648784
0.592720
0.610972
0.531781
0.566223
0.592720
0.513333
0.531781
0.513333
0.592720
0.513333
0.498609
0.566223
0.513333
0.531781
0.312834
0.317545
0.312834
0.531781
0.312834
0.317545
0.230727
0.498609
0.513333
0.346893
0.312834
0.346893
0.513333
0.346893
0.347125
0.498609
0.498609
0.347125
0.330125
0.330125
0.347125
0.214298
0.347125
0.346893
0.213381
0.213381
0.214298
0.347125
0.213381
0.346893
0.312834
0.214298
0.213381
0.142998
0.230727
0.225701
0.312834
0.312834
0.225701
0.213381
0.230727
0.152925
0.225701
0.213381
0.225701
0.152236
0.152236
0.142998
0.213381
0.152236
0.225701
0.152925
0.142998
0.152236
0.101782
0.101782
0.092627
0.142998
0.092627
0.101782
0.066586
0.152925
0.126210
0.152236
0.126210
0.101782
0.152236
0.065265
0.066586
0.101782
0.066586
0.065265
0.042668
0.101782
0.093745
0.065265
0.093745
0.101782
0.126210
0.042668
0.065265
0.062485
0.093745
0.062485
0.065265
0.062485
0.040981
0.042668
0.042668
0.040981
0.022293
0.040981
0.035260
0.022293
0.018284
0.022293
0.035260
0.056700
0.035260
0.040981
0.040981
0.062485
0.056700
0.035260
0.030692
0.018284
0.030692
0.035260
0.056700
0.005735
0.018284
0.030692
0.087475
0.056700
0.062485
0.030692
0.019799
0.005735
0.005735
0.019799
0.056700
0.057134
0.030692
0.019799
0.030692
0.057134
0.056700
0.087475
0.057134
0.019799
0.010434
0.010434
0.010434
0.001259
0.001259
0.010434
0.045473
0.010434
0.019799
0.049566
0.049566
0.045473
0.010434
0.057134
0.049566
0.019799
0.083801
0.045473
0.049566
0.087183
0.049566
0.057134
0.049566
0.087183
0.083801
0.057134
0.087475
0.087183
0.083801
0.087183
0.152925
0.107381
0.152925
0.087183
0.087183
0.087475
0.107381
0.126210
0.152925
0.107381
0.107381
0.087475
0.089596
0.062485
0.089596
0.087475
0.089596
0.062485
0.093745
0.126210
0.107381
0.108344
0.089596
0.108344
0.107381
0.126210
0.115276
0.093745
0.089596
0.093745
0.115276
0.108344
0.115276
0.126210
0.115276
0.108344
0.089596
0.597397
0.549034
0.544484
0.719725
0.616103
0.597397
0.544484
0.583511
0.597397
0.544484
0.556109
0.583511
0.620736
0.583511
0.556109
0.556109
0.584951
0.620736
0.620736
0.584951
0.652787
0.620736
0.639276
0.583511
0.597397
0.583511
0.639276
0.652787
0.730875
0.620736
0.620736
0.730875
0.639276
0.639276
0.713003
0.597397
0.597397
0.713003
0.719725
0.730875
0.755126
0.639276
0.713003
0.639276
0.755126
0.791691
0.804993
0.730875
0.755126
0.730875
0.804993
0.719725
0.713003
0.773016
0.755126
0.773016
0.713003
0.773016
0.788078
0.719725
0.773016
0.755126
0.804447
0.804993
0.804447
0.755126
0.788078
0.773016
0.808413
0.804447
0.808413
0.773016
0.808413
0.795842
0.788078
0.787571
0.804447
0.804993
0.808413
0.804447
0.787571
0.804993
0.769380
0.787571
0.795842
0.808413
0.784283
0.787571
0.784283
0.808413
0.674369
0.561735
0.769380
0.409326
0.561735
0.674369
0.656452
0.787571
0.769380
0.769380
0.561735
0.656452
0.262822
0.561735
0.409326
0.262822
0.409326
0.181922
0.561735
0.262822
0.226158
0.226158
0.656452
0.561735
0.181922
0.127314
0.262822
0.226158
0.262822
0.127314
0.127314
0.181922
0.074551
0.656452
0.226158
0.251505
0.074551
0.061757
0.127314
0.061757
0.074551
0.007870
0.127314
0.082068
0.226158
0.082068
0.127314
0.061757
0.251505
0.226158
0.082068
0.007870
0.061757
0.061757
0.012392
0.082068
0.012392
0.061757
0.012392
0.012392
0.022068
0.012392
0.022068
0.082068
0.012392
0.022068
0.054933
0.050504
0.050504
0.022068
0.022068
0.087390
0.082068
0.087390
0.022068
0.050504
0.082068
0.087390
0.251505
0.116709
0.050504
0.054933
0.050504
0.116709
0.087390
0.087390
0.116709
0.283464
0.283464
0.251505
0.087390
0.661149
0.251505
0.283464
0.251505
0.661149
0.656452
0.787571
0.656452
0.661149
0.661149
0.784283
0.787571
0.653860
0.283464
0.302493
0.283464
0.653860
0.661149
0.784283
0.661149
0.653860
0.653860
0.761442
0.784283
0.784283
0.761442
0.795842
0.783568
0.795842
0.761442
0.008678
0.007824
0.004166
0.007410
0.008678
0.004316
0.004316
0.004343
0.007410
0.004166
0.004316
0.008678
0.004343
0.004343
0.004316
0.004316
0.004166
0.004166
0.522018
0.544484
0.549034
0.525848
0.522018
0.549034
0.525848
0.549034
0.579031
0.525848
0.502453
0.522018
0.563247
0.579031
0.640243
0.505498
0.502453
0.525848
0.489136
0.502453
0.505498
0.640243
0.670723
0.563247
0.670723
0.640243
0.721229
0.785636
0.783698
0.783568
0.783568
0.781913
0.785636
0.781913
0.783568
0.730896
0.708119
0.730896
0.302493
0.302493
0.327128
0.708119
0.151683
0.327128
0.302493
0.302493
0.149053
0.151683
0.151683
0.149053
0.054933
0.054933
0.057364
0.151683
0.057364
0.054933
0.054933
0.003236
0.003236
0.003236
0.001180
0.001180
0.001180
0.009060
0.009060
0.001180
0.003236
0.003236
0.008989
0.009060
0.014140
0.009060
0.008989
0.007410
0.009060
0.007410
0.009060
0.018074
0.012972
0.007410
0.018074
0.008678
0.007410
0.012972
0.008678
0.012972
0.013239
0.013239
0.007824
0.008678
0.003812
0.007824
0.013239
0.003812
0.010511
0.010511
0.000393
0.000393
0.000393
0.045732
0.036393
0.045732
0.058685
0.045732
0.036393
0.036393
0.053361
0.058685
0.084922
0.058685
0.053361
0.053361
0.085173
0.084922
0.120507
0.084922
0.085173
0.085173
0.114156
0.120507
0.120507
0.114156
0.188900
0.188900
0.212624
0.120507
0.352356
0.212624
0.188900
0.188900
0.347802
0.352356
0.428028
0.352356
0.347802
0.347802
0.435034
0.428028
0.473918
0.428028
0.435034
0.435034
0.478965
0.473918
0.478965
0.495426
0.473918
0.495426
0.489136
0.473918
0.502453
0.489136
0.495426
0.792397
0.791691
0.792008
0.734366
0.792008
0.791691
0.674369
0.792397
0.791522
0.791691
0.739087
0.734366
0.734366
0.739087
0.652787
0.791522
0.674195
0.674369
0.409326
0.674369
0.674195
0.652787
0.624439
0.734366
0.624439
0.652787
0.584951
0.584951
0.563458
0.624439
0.563458
0.584951
0.556109
0.556109
0.530761
0.563458
0.530761
0.556109
0.544484
0.544484
0.522018
0.530761
0.530761
0.522018
0.502453
0.674195
0.406217
0.409326
0.181922
0.409326
0.406217
0.406217
0.182522
0.181922
0.181922
0.182522
0.081286
0.081286
0.074551
0.181922
0.074551
0.081286
0.016845
0.016845
0.007870
0.074551
0.007870
0.016845
0.007870
0.640243
0.579031
0.616103
0.721229
0.640243
0.616103
0.597397
0.616103
0.579031
0.579031
0.549034
0.597397
0.616103
0.719725
0.721229
0.721229
0.719725
0.788078
0.788078
0.783698
0.721229
0.783698
0.788078
0.795842
0.795842
0.783568
0.783698
0.739087
0.730875
0.652787
0.730875
0.739087
0.791691
0.804993
0.791691
0.792397
0.792397
0.769380
0.804993
0.769380
0.792397
0.674369
0.007870
0.054933
0.054933
0.149053
0.116709
0.283464
0.116709
0.149053
0.149053
0.302493
0.283464
0.302493
0.730896
0.653860
0.730896
0.761442
0.653860
0.761442
0.730896
0.783568
0.003812
0.003812
0.003812
0.004166
0.004166
0.007824
0.003812
0.004343
0.007410
0.004343