0.985044
0.960211
0.946611
0.946611
0.931855
0.985044
0.605304
0.985044
0.931855
0.395148
0.931855
0.992864
0.992864
0.989530
0.937154
0.987354
0.989530
0.992864
0.582766
0.475410
0.493645
1.000000
1.000000
1.000000
1.000000
1.000000
1.000000
1.000000
1.000000
1.000000
1.000000
1.000000
1.000000
1.000000
1.000000
1.000000
0.973573
1.000000
1.000000
1.000000
1.000000
1.000000
1.000000
1.000000
1.000000
1.000000
1.000000
1.000000
1.000000
0.987946
1.000000
1.000000
1.000000
1.000000
1.000000
1.000000
1.000000
1.000000
1.000000
0.973573
1.000000
1.000000
1.000000
1.000000
1.000000
1.000000
1.000000
1.000000
1.000000
1.000000
1.000000
1.000000
1.000000
1.000000
1.000000
1.000000
1.000000
1.000000
1.000000
1.000000
0.990304
1.000000
0.990304
1.000000
0.990304
1.000000
1.000000
1.000000
1.000000
1.000000
1.000000
1.000000
1.000000
1.000000
0.975118
1.000000
0.991850
1.000000
0.975118
1.000000
1.000000
1.000000
1.000000
0.990304
1.000000
1.000000
1.000000
0.991850
0.991850
1.000000
1.000000
0.973431
1.000000
1.000000
0.990304
1.000000
0.973431
0.996208
1.000000
1.000000
1.000000
0.996208
0.973431
1.000000
1.000000
1.000000
1.000000
1.000000
0.996208
0.949759
0.973431
0.996208
0.973431
0.957469
0.990304
0.990304
0.957469
0.950455
0.948248
0.919832
0.957469
0.950455
0.957469
0.919832
0.990304
0.950455
0.942027
0.950455
0.919832
0.942027
0.982223
0.990304
0.942027
0.982223
1.000000
0.990304
0.982223
0.942027
0.976389
0.982223
0.976389
1.000000
1.000000
1.000000
0.976389
1.000000
1.000000
1.000000
1.000000
0.991800
1.000000
1.000000
0.976389
0.991800
0.945188
0.976389
0.942027
0.991800
0.976389
0.945188
0.945188
0.965150
0.991800
0.942027
0.891226
0.945188
0.891226
0.942027
0.919832
0.994766
0.965150
0.930508
0.854704
0.965150
0.945188
0.930508
0.965150
0.854704
0.994766
0.930508
0.864370
0.945188
0.844048
0.854704
0.864370
0.947294
0.994766
0.605327
0.844048
0.945188
0.945188
0.891226
0.605327
0.967809
0.979201
0.986196
0.962498
0.980419
0.979201
0.979201
0.967809
0.962498
0.947294
0.864370
0.842069
0.864370
0.285945
0.842069
0.864370
0.930508
0.285945
0.285945
0.930508
0.854704
0.275283
0.285945
0.854704
0.275283
0.451621
0.285945
0.311386
0.275283
0.854704
0.854704
0.844048
0.311386
0.311386
0.844048
0.605327
0.451621
0.275283
0.312320
0.332120
0.312320
0.275283
0.358244
0.312320
0.332120
0.275283
0.311386
0.332120
0.332120
0.354738
0.358244
0.332120
0.311386
0.347970
0.605327
0.347970
0.311386
0.347970
0.358206
0.332120
0.424679
0.347970
0.605327
0.358206
0.347970
0.424679
0.424679
0.436363
0.358206
0.595289
0.579596
0.436363
0.436363
0.424679
0.595289
0.605327
0.810031
0.424679
0.595289
0.424679
0.810031
0.810031
0.605327
0.891226
0.810031
0.870254
0.595289
0.891226
0.895080
0.810031
0.870254
0.810031
0.895080
0.895080
0.899433
0.870254
0.895080
0.891226
0.919832
0.919832
0.917376
0.895080
0.931441
0.917376
0.919832
0.948248
0.931441
0.919832
0.931441
0.934916
0.917376
0.948248
0.934916
0.931441
0.926811
0.934916
0.943029
0.943029
0.931180
0.926811
0.931180
0.943029
0.940760
0.944121
0.940760
0.943029
0.938311
0.940760
0.944121
0.937602
0.944121
0.932343
0.944121
0.937602
0.938311
0.370127
0.439828
0.172188
0.439828
0.559909
0.172188
0.559909
0.556367
0.172188
1.000000
1.000000
0.973573
0.916047
0.896944
0.927712
0.927712
0.970089
0.916047
0.936406
0.933446
0.932343
0.932343
0.934937
0.936406
0.934937
0.932343
0.927712
0.927712
0.931180
0.934937
0.931180
0.927712
0.896944
0.896944
0.926811
0.931180
0.913408
0.926811
0.896944
0.899433
0.913408
0.896944
0.896944
0.960211
0.899433
0.870254
0.899433
0.960211
0.896944
0.901024
0.960211
0.916047
0.901024
0.896944
0.901024
0.916047
0.949759
0.960211
0.985044
0.870254
0.595289
0.870254
0.985044
0.949759
0.949757
0.901024
0.949757
0.949759
0.989695
0.989695
0.991850
0.949757
1.000000
0.991850
0.989695
0.989695
1.000000
1.000000
0.946611
0.960211
0.901024
0.901024
0.905387
0.946611
0.985044
0.605304
0.595289
0.905387
0.901024
0.918241
0.918241
0.901024
0.975118
0.975118
0.973573
0.918241
1.000000
0.973573
0.975118
0.975118
1.000000
1.000000
1.000000
1.000000
1.000000
1.000000
1.000000
1.000000
0.905387
0.918241
0.987946
0.987946
0.988613
0.905387
1.000000
0.987946
0.918241
0.905387
0.988613
0.994766
0.918241
0.973573
1.000000
0.994766
0.946611
0.905387
1.000000
1.000000
0.973573
0.946611
0.994766
0.931855
0.973573
1.000000
1.000000
1.000000
1.000000
1.000000
1.000000
1.000000
1.000000
0.992864
0.931855
0.994766
0.992864
0.994766
0.987354
0.992864
0.842069
0.395148
0.931855
0.395148
0.451621
0.937154
0.842069
0.992864
0.451621
0.605304
0.931855
0.989530
0.987354
0.986196
0.937154
0.989530
0.962498
0.986196
0.992412
0.989530
0.962498
0.989530
0.992412
0.992412
0.980419
0.962498
0.980419
0.992412
0.986196
0.986196
0.979201
0.980419
0.582766
0.605304
0.451621
0.451621
0.475410
0.582766
0.595289
0.605304
0.582766
0.582766
0.579596
0.595289
0.493645
0.556367
0.582766
0.559909
0.579596
0.582766
0.582766
0.556367
0.559909
1.000000
1.000000
1.000000
1.000000
1.000000
1.000000
1.000000
1.000000
1.000000
1.000000
1.000000
1.000000
1.000000
1.000000
1.000000
0.988613
0.987946
1.000000
1.000000
1.000000
1.000000
1.000000
1.000000
1.000000
1.000000
1.000000
1.000000
0.975118
0.901024
0.949757
0.975118
0.949757
0.991850
1.000000
1.000000
1.000000
1.000000
1.000000
0.989695
0.989695
0.996208
1.000000
0.996208
0.989695
0.949759
0.949759
0.916047
0.970089
0.970089
0.973431
0.949759
0.957469
0.973431
0.970089
0.970089
0.948248
0.957469
1.000000
0.991800
0.988613
0.988613
0.991800
0.965150
0.965150
0.994766
0.988613
0.947294
0.987354
0.994766
0.947294
0.967809
0.987354
0.986196
0.987354
0.967809
0.937154
0.962498
0.967809
0.967809
0.947294
0.937154
0.842069
0.937154
0.947294
0.395148
0.842069
0.285945
0.451621
0.395148
0.285945
0.312320
0.475410
0.451621
0.493645
0.475410
0.312320
0.312320
0.358244
0.493645
0.370127
0.354738
0.332120
0.332120
0.358206
0.370127
0.439828
0.370127
0.358206
0.358206
0.436363
0.439828
0.559909
0.439828
0.436363
0.436363
0.579596
0.559909
0.913408
0.899433
0.895080
0.895080
0.917376
0.913408
0.913408
0.917376
0.934916
0.934916
0.926811
0.913408
0.934916
0.948248
0.970089
0.970089
0.943029
0.934916
0.943029
0.970089
0.944121
0.944121
0.970089
0.927712
0.940760
0.934937
0.931180
0.927712
0.932343
0.944121
0.934937
0.940760
0.938311
0.938311
0.936406
0.934937
0.932343
0.933446
0.937602
0.938311
0.937602
0.933446
0.933446
0.936406
0.938311
0.172188
0.354738
0.370127
0.358244
0.354738
0.172188
0.493645
0.358244
0.172188
0.556367
0.493645
0.172188