0.986195
0.947246
0.960927
0.947246
0.986195
0.933280
0.614865
0.933280
0.986195
0.407102
0.994585
0.933280
0.994585
0.939051
0.991485
0.989644
0.994585
0.991485
0.592666
0.515738
0.490532
1.000000
1.000000
1.000000
1.000000
1.000000
1.000000
1.000000
1.000000
1.000000
1.000000
1.000000
1.000000
1.000000
1.000000
1.000000
0.974012
1.000000
1.000000
1.000000
1.000000
1.000000
1.000000
1.000000
1.000000
1.000000
1.000000
1.000000
1.000000
1.000000
0.988929
1.000000
1.000000
1.000000
1.000000
1.000000
1.000000
1.000000
0.974012
1.000000
1.000000
1.000000
1.000000
1.000000
1.000000
1.000000
1.000000
1.000000
1.000000
1.000000
1.000000
1.000000
1.000000
1.000000
1.000000
1.000000
1.000000
1.000000
1.000000
0.991159
1.000000
1.000000
1.000000
0.991159
0.991159
1.000000
1.000000
1.000000
1.000000
1.000000
1.000000
1.000000
1.000000
1.000000
1.000000
0.975431
0.992115
0.975431
1.000000
1.000000
1.000000
1.000000
1.000000
1.000000
0.991159
1.000000
0.992115
1.000000
0.992115
1.000000
1.000000
0.973995
1.000000
1.000000
0.991159
0.973995
1.000000
0.996554
1.000000
1.000000
1.000000
0.973995
0.996554
1.000000
1.000000
1.000000
1.000000
0.996554
1.000000
0.949993
0.996554
0.973995
0.973995
0.991159
0.958350
0.991159
0.951655
0.958350
0.948742
0.958350
0.920625
0.951655
0.920625
0.958350
0.991159
0.942884
0.951655
0.951655
0.942884
0.920625
0.983621
0.942884
0.991159
0.983621
0.991159
1.000000
0.983621
0.978584
0.942884
0.983621
1.000000
0.978584
1.000000
0.978584
1.000000
1.000000
1.000000
1.000000
1.000000
1.000000
0.994505
1.000000
0.994505
0.978584
0.947138
0.942884
0.978584
0.994505
0.947138
0.978584
0.947138
0.994505
0.970151
0.942884
0.947138
0.892310
0.892310
0.920625
0.942884
0.996579
0.935390
0.970151
0.867946
0.947138
0.970151
0.935390
0.867946
0.970151
0.996579
0.871617
0.935390
0.947138
0.867946
0.850522
0.871617
0.996579
0.949601
0.608324
0.947138
0.850522
0.947138
0.608324
0.892310
0.971111
0.988463
0.981740
0.965262
0.981740
0.982800
0.981740
0.965262
0.971111
0.949601
0.846347
0.871617
0.871617
0.846347
0.327207
0.871617
0.327207
0.935390
0.327207
0.867946
0.935390
0.436065
0.867946
0.327207
0.436065
0.327207
0.470685
0.350457
0.867946
0.436065
0.867946
0.350457
0.850522
0.350457
0.608324
0.850522
0.470685
0.453571
0.436065
0.368544
0.436065
0.453571
0.467153
0.368544
0.453571
0.436065
0.368544
0.350457
0.368544
0.467153
0.393305
0.368544
0.361636
0.350457
0.608324
0.350457
0.361636
0.361636
0.368544
0.372388
0.430912
0.608324
0.361636
0.372388
0.430912
0.361636
0.430912
0.372388
0.443071
0.601757
0.443071
0.586269
0.443071
0.601757
0.430912
0.608324
0.430912
0.811928
0.601757
0.811928
0.430912
0.811928
0.892310
0.608324
0.811928
0.601757
0.871962
0.892310
0.811928
0.896112
0.871962
0.896112
0.811928
0.896112
0.871962
0.900496
0.896112
0.920625
0.892310
0.920625
0.896112
0.918149
0.932085
0.920625
0.918149
0.948742
0.920625
0.932085
0.932085
0.918149
0.935461
0.948742
0.932085
0.935461
0.927390
0.943454
0.935461
0.943454
0.927390
0.931646
0.931646
0.941157
0.943454
0.944468
0.943454
0.941157
0.938689
0.944468
0.941157
0.937970
0.932705
0.944468
0.944468
0.938689
0.937970
0.385467
0.183391
0.447586
0.447586
0.183391
0.567001
0.567001
0.183391
0.566391
1.000000
0.974012
1.000000
0.916398
0.928074
0.897353
0.928074
0.916398
0.970667
0.936786
0.932705
0.933810
0.932705
0.936786
0.935353
0.935353
0.928074
0.932705
0.928074
0.935353
0.931646
0.931646
0.897353
0.928074
0.897353
0.931646
0.927390
0.914176
0.897353
0.927390
0.900496
0.897353
0.914176
0.897353
0.900496
0.960927
0.871962
0.960927
0.900496
0.897353
0.960927
0.901341
0.916398
0.897353
0.901341
0.901341
0.949993
0.916398
0.960927
0.871962
0.986195
0.601757
0.986195
0.871962
0.949993
0.901341
0.949949
0.949949
0.989988
0.949993
0.989988
0.949949
0.992115
1.000000
0.989988
0.992115
0.989988
1.000000
1.000000
0.947246
0.901341
0.960927
0.901341
0.947246
0.905851
0.986195
0.601757
0.614865
0.905851
0.918625
0.901341
0.918625
0.975431
0.901341
0.975431
0.918625
0.974012
1.000000
0.975431
0.974012
0.975431
1.000000
1.000000
1.000000
1.000000
1.000000
1.000000
1.000000
1.000000
0.905851
0.988929
0.918625
0.988929
0.905851
0.989928
1.000000
0.918625
0.988929
0.905851
0.996579
0.989928
0.918625
1.000000
0.974012
0.996579
0.905851
0.947246
1.000000
0.974012
1.000000
0.947246
0.933280
0.996579
0.974012
1.000000
1.000000
1.000000
1.000000
1.000000
1.000000
1.000000
1.000000
0.994585
0.996579
0.933280
0.994585
0.989644
0.996579
0.994585
0.407102
0.846347
0.933280
0.470685
0.407102
0.939051
0.994585
0.846347
0.470685
0.933280
0.614865
0.991485
0.988463
0.989644
0.939051
0.965262
0.991485
0.988463
0.991485
0.994393
0.965262
0.994393
0.991485
0.994393
0.965262
0.982800
0.982800
0.988463
0.994393
0.988463
0.982800
0.981740
0.592666
0.470685
0.614865
0.470685
0.592666
0.490532
0.601757
0.592666
0.614865
0.592666
0.601757
0.586269
0.515738
0.592666
0.566391
0.567001
0.592666
0.586269
0.592666
0.567001
0.566391
1.000000
1.000000
1.000000
1.000000
1.000000
1.000000
1.000000
1.000000
1.000000
1.000000
1.000000
1.000000
1.000000
1.000000
1.000000
0.989928
1.000000
0.988929
1.000000
1.000000
1.000000
1.000000
1.000000
1.000000
1.000000
1.000000
1.000000
0.975431
0.949949
0.901341
0.975431
0.992115
0.949949
1.000000
1.000000
1.000000
1.000000
0.989988
1.000000
0.989988
1.000000
0.996554
0.996554
0.949993
0.989988
0.949993
0.970667
0.916398
0.970667
0.949993
0.973995
0.958350
0.970667
0.973995
0.970667
0.958350
0.948742
1.000000
0.989928
0.994505
0.989928
0.970151
0.994505
0.970151
0.989928
0.996579
0.949601
0.996579
0.989644
0.949601
0.989644
0.971111
0.988463
0.971111
0.989644
0.939051
0.971111
0.965262
0.971111
0.939051
0.949601
0.846347
0.949601
0.939051
0.407102
0.327207
0.846347
0.470685
0.327207
0.407102
0.453571
0.470685
0.490532
0.515738
0.453571
0.490532
0.453571
0.515738
0.467153
0.385467
0.368544
0.393305
0.368544
0.385467
0.372388
0.447586
0.372388
0.385467
0.372388
0.447586
0.443071
0.567001
0.443071
0.447586
0.443071
0.567001
0.586269
0.914176
0.896112
0.900496
0.896112
0.914176
0.918149
0.914176
0.935461
0.918149
0.935461
0.914176
0.927390
0.935461
0.970667
0.948742
0.970667
0.935461
0.943454
0.943454
0.944468
0.970667
0.944468
0.928074
0.970667
0.941157
0.931646
0.935353
0.928074
0.944468
0.932705
0.935353
0.938689
0.941157
0.938689
0.935353
0.936786
0.932705
0.937970
0.933810
0.938689
0.933810
0.937970
0.933810
0.938689
0.936786
0.183391
0.385467
0.393305
0.467153
0.183391
0.393305
0.515738
0.183391
0.467153
0.566391
0.183391
0.515738