 0.088033
 0.120174
 0.136928
 0.088033
 0.065108
 0.120174
 0.065108
 0.030767
 0.065894
 0.018947
 0.040791
 0.866876
 0.974009
 0.917970
 0.695639
 0.917970
 0.988935
 0.988935
 0.939483
 0.695639
 0.625734
 0.866876
 0.917970
 0.917970
 0.695639
 0.625734
 0.974009
 0.866876
 0.871655
 0.871655
 0.866876
 0.625734
 0.732731
 0.695639
 0.939483
 0.939483
 0.933379
 0.732731
 0.574481
 0.625734
 0.695639
 0.695639
 0.732731
 0.574481
 0.796582
 0.732731
 0.933379
 0.574481
 0.732731
 0.796582
 0.601719
 0.620966
 0.574481
 0.715884
 0.620966
 0.601719
 0.574481
 0.620966
 0.654420
 0.654420
 0.625734
 0.574481
 0.871655
 0.625734
 0.654420
 0.711944
 0.654420
 0.620966
 0.620966
 0.715884
 0.711944
 0.654420
 0.865170
 0.871655
 0.865170
 0.654420
 0.711944
 0.909474
 0.711944
 0.715884
 0.715884
 0.894245
 0.909474
 0.873647
 0.711944
 0.909474
 0.711944
 0.873647
 0.865170
 0.965670
 0.909474
 0.894245
 0.909474
 0.949769
 0.873647
 0.949769
 0.909474
 0.965670
 0.894245
 0.949499
 0.965670
 0.965670
 0.994992
 0.949769
 1.000000
 0.965670
 0.949499
 0.994992
 0.965670
 1.000000
 0.988293
 0.949499
 0.936292
 0.936292
 0.968229
 0.988293
 0.988293
 0.968229
 0.979661
 0.949499
 0.988293
 1.000000
 0.979661
 0.994759
 0.988293
 0.988293
 0.994759
 1.000000
 1.000000
 1.000000
 0.988293
 1.000000
 1.000000
 1.000000
 1.000000
 1.000000
 1.000000
 1.000000
 0.985011
 1.000000
 1.000000
 1.000000
 0.985011
 1.000000
 1.000000
 1.000000
 1.000000
 1.000000
 0.994992
 0.985011
 0.970485
 1.000000
 0.979429
 1.000000
 1.000000
 0.994992
 1.000000
 0.979429
 1.000000
 0.970485
 0.979429
 0.985011
 0.808956
 0.970485
 0.920632
 0.979429
 0.970485
 0.970485
 0.808956
 0.920632
 0.979429
 1.000000
 0.994992
 0.949769
 0.994992
 1.000000
 0.931047
 1.000000
 0.979429
 0.979429
 0.920632
 0.931047
 1.000000
 1.000000
 0.949769
 1.000000
 1.000000
 0.931047
 0.873647
 0.949769
 1.000000
 1.000000
 0.993886
 0.873647
 0.865170
 0.873647
 0.993886
 0.931047
 0.941752
 1.000000
 0.993886
 1.000000
 0.941752
 0.941752
 0.931047
 0.891043
 0.891043
 0.931047
 0.920632
 0.941752
 0.946856
 0.993886
 0.993886
 0.994935
 0.865170
 0.994935
 0.993886
 0.946856
 0.865170
 0.994935
 0.992230
 0.992230
 0.871655
 0.865170
 0.871655
 0.992230
 0.974009
 0.974009
 0.992230
 0.763896
 0.933734
 0.992230
 0.994935
 0.763896
 0.992230
 0.933734
 0.994935
 0.941581
 0.933734
 0.946856
 0.941581
 0.994935
 0.933734
 0.853105
 0.763896
 0.853105
 0.933734
 0.941581
 0.941581
 0.946856
 0.917116
 0.941581
 0.892737
 0.853105
 0.917116
 0.892737
 0.941581
 0.946856
 0.941752
 0.907490
 0.907490
 0.917116
 0.946856
 0.891043
 0.907490
 0.941752
 0.892737
 0.917116
 0.899260
 0.899260
 0.917116
 0.907490
 0.853105
 0.892737
 0.858681
 0.899260
 0.858681
 0.892737
 0.858681
 0.821018
 0.853105
 0.763896
 0.853105
 0.821018
 0.802288
 0.821018
 0.858681
 0.821018
 0.802288
 0.763896
 0.858681
 0.899260
 0.884567
 0.763896
 0.802288
 0.791962
 0.858681
 0.850744
 0.802288
 0.884567
 0.850744
 0.858681
 0.841160
 0.791962
 0.802288
 0.791962
 0.841160
 0.823761
 0.802288
 0.850744
 0.841160
 0.873138
 0.841160
 0.850744
 0.850744
 0.884567
 0.873138
 0.873138
 0.854054
 0.835913
 0.854054
 0.873138
 0.884567
 0.884567
 0.866665
 0.854054
 0.804559
 0.854054
 0.866665
 0.880202
 0.866665
 0.884567
 0.884567
 0.899260
 0.880202
 0.907490
 0.880202
 0.899260
 0.866665
 0.823449
 0.804559
 0.823449
 0.866665
 0.880202
 0.801944
 0.804559
 0.823449
 0.861209
 0.880202
 0.907490
 0.880202
 0.861209
 0.823449
 0.907490
 0.891043
 0.861209
 0.823449
 0.817432
 0.801944
 0.817432
 0.823449
 0.861209
 0.817925
 0.801944
 0.817432
 0.861209
 0.854108
 0.817432
 0.854108
 0.861209
 0.891043
 0.817925
 0.822248
 0.807078
 0.807078
 0.822248
 0.808956
 0.817432
 0.828972
 0.817925
 0.822248
 0.817925
 0.828972
 0.828972
 0.817432
 0.854108
 0.828972
 0.831233
 0.822248
 0.822248
 0.831233
 0.808956
 0.831233
 0.828972
 0.858361
 0.854108
 0.858361
 0.828972
 0.808956
 0.831233
 0.858361
 0.891043
 0.884788
 0.854108
 0.858361
 0.854108
 0.884788
 0.884788
 0.891043
 0.920632
 0.881918
 0.808956
 0.858361
 0.881918
 0.858361
 0.884788
 0.919533
 0.920632
 0.808956
 0.808956
 0.881918
 0.919533
 0.919533
 0.884788
 0.920632
 0.884788
 0.919533
 0.881918
 0.224832
 0.222787
 0.220065
 0.220065
 0.223678
 0.224832
 0.224832
 0.225765
 0.225943
 0.223196
 0.223678
 0.220065
 0.220065
 0.219235
 0.223196
 0.224832
 0.223678
 0.225391
 0.225391
 0.225765
 0.224832
 0.223678
 0.223196
 0.225278
 0.225278
 0.225391
 0.223678
 0.223639
 0.223196
 0.219235
 0.225278
 0.223196
 0.223639
 0.219235
 0.220837
 0.223639
 0.223639
 0.220837
 0.224833
 0.225943
 0.225765
 0.226254
 0.226254
 0.225765
 0.225391
 0.226254
 0.226314
 0.225943
 0.228193
 0.226314
 0.226254
 0.224833
 0.224322
 0.223639
 0.224322
 0.224833
 0.223842
 0.223842
 0.225022
 0.224322
 0.225437
 0.223639
 0.224322
 0.223639
 0.225437
 0.225278
 0.225699
 0.224322
 0.225022
 0.224322
 0.225699
 0.225437
 0.225437
 0.225699
 0.226385
 0.225278
 0.225437
 0.226051
 0.226385
 0.226051
 0.225437
 0.226385
 0.228017
 0.227760
 0.227760
 0.226051
 0.226385
 0.229218
 0.228789
 0.228017
 0.227760
 0.228017
 0.228789
 0.230642
 0.228789
 0.229218
 0.229218
 0.231052
 0.230642
 0.228789
 0.228420
 0.227760
 0.232457
 0.230642
 0.231052
 0.231052
 0.232839
 0.232457
 0.228789
 0.230642
 0.230086
 0.230086
 0.228420
 0.228789
 0.231965
 0.230086
 0.230642
 0.230642
 0.232457
 0.231965
 0.228420
 0.230086
 0.229988
 0.229988
 0.230086
 0.231965
 0.234235
 0.232457
 0.232839
 0.232839
 0.234502
 0.234235
 0.233832
 0.231965
 0.232457
 0.232457
 0.234235
 0.233832
 0.235920
 0.234235
 0.234502
 0.234502
 0.236107
 0.235920
 0.235617
 0.233832
 0.234235
 0.234235
 0.235920
 0.235617
 0.231838
 0.231965
 0.233832
 0.231965
 0.231838
 0.229988
 0.233685
 0.233832
 0.235617
 0.233832
 0.233685
 0.231838
 0.237311
 0.235617
 0.235920
 0.237539
 0.235920
 0.236107
 0.235920
 0.237539
 0.237311
 0.235470
 0.235617
 0.237311
 0.235617
 0.235470
 0.233685
 0.239001
 0.237311
 0.237539
 0.237539
 0.239153
 0.239001
 0.240809
 0.239153
 0.239282
 0.240743
 0.239001
 0.239153
 0.239153
 0.240809
 0.240743
 0.237190
 0.237311
 0.239001
 0.237311
 0.237190
 0.235470
 0.240809
 0.242610
 0.242614
 0.242614
 0.240743
 0.240809
 0.242614
 0.242610
 0.244463
 0.246284
 0.246327
 0.244463
 0.246327
 0.246284
 0.248094
 0.244463
 0.244504
 0.242614
 0.244504
 0.244463
 0.246327
 0.248094
 0.248185
 0.246327
 0.246327
 0.246380
 0.244504
 0.246380
 0.246327
 0.248185
 0.248185
 0.248238
 0.246380
 0.248238
 0.248185
 0.250030
 0.251751
 0.251876
 0.250030
 0.250030
 0.250069
 0.248238
 0.250069
 0.250030
 0.251876
 0.251876
 0.251886
 0.250069
 0.255427
 0.255513
 0.253716
 0.251876
 0.253716
 0.253694
 0.253694
 0.251886
 0.251876
 0.253716
 0.255513
 0.255464
 0.255464
 0.253694
 0.253716
 0.257234
 0.255464
 0.255513
 0.255513
 0.257303
 0.257234
 0.253694
 0.255464
 0.255370
 0.251886
 0.253694
 0.253595
 0.255370
 0.253595
 0.253694
 0.257303
 0.259095
 0.259011
 0.259011
 0.257234
 0.257303
 0.259095
 0.260886
 0.260797
 0.260797
 0.259011
 0.259095
 0.262619
 0.260797
 0.260886
 0.260886
 0.262707
 0.262619
 0.264493
 0.262707
 0.262761
 0.264405
 0.262619
 0.262707
 0.262707
 0.264493
 0.264405
 0.260797
 0.262619
 0.262605
 0.262605
 0.262619
 0.264405
 0.266095
 0.264405
 0.264493
 0.264493
 0.266182
 0.266095
 0.267773
 0.266095
 0.266182
 0.266182
 0.267859
 0.267773
 0.264406
 0.264405
 0.266095
 0.264405
 0.264406
 0.262605
 0.266107
 0.266095
 0.267773
 0.266095
 0.266107
 0.264406
 0.269473
 0.267773
 0.267859
 0.269551
 0.267859
 0.267954
 0.267859
 0.269551
 0.269473
 0.267792
 0.267773
 0.269473
 0.267773
 0.267792
 0.266107
 0.271205
 0.269473
 0.269551
 0.269551
 0.271277
 0.271205
 0.273043
 0.271277
 0.271366
 0.271366
 0.273116
 0.273043
 0.272979
 0.271205
 0.271277
 0.271277
 0.273043
 0.272979
 0.269496
 0.269473
 0.271205
 0.269473
 0.269496
 0.267792
 0.271228
 0.271205
 0.272979
 0.271205
 0.271228
 0.269496
 0.274769
 0.272979
 0.273043
 0.274822
 0.273043
 0.273116
 0.273043
 0.274822
 0.274769
 0.273116
 0.274876
 0.274822
 0.273003
 0.272979
 0.274769
 0.272979
 0.273003
 0.271228
 0.276598
 0.274822
 0.274876
 0.276572
 0.274769
 0.274822
 0.274822
 0.276598
 0.276572
 0.276598
 0.278378
 0.278389
 0.278389
 0.276572
 0.276598
 0.278389
 0.278378
 0.280185
 0.274794
 0.274769
 0.276572
 0.274769
 0.274794
 0.273003
 0.281938
 0.282047
 0.280185
 0.282047
 0.281938
 0.283773
 0.280238
 0.280185
 0.282047
 0.280185
 0.280238
 0.278389
 0.283773
 0.283948
 0.282047
 0.282047
 0.282148
 0.280238
 0.282148
 0.282047
 0.283948
 0.283948
 0.284116
 0.282148
 0.284116
 0.283948
 0.285847
 0.287384
 0.287720
 0.285847
 0.285847
 0.286113
 0.284116
 0.286113
 0.285847
 0.287720
 0.287720
 0.288095
 0.286113
 0.288095
 0.287720
 0.289597
 0.289597
 0.290076
 0.288095
 0.290076
 0.289597
 0.291553
 0.292950
 0.293500
 0.291553
 0.293500
 0.292950
 0.294887
 0.291553
 0.292093
 0.290076
 0.292093
 0.291553
 0.293500
 0.294887
 0.295447
 0.293500
 0.293500
 0.294154
 0.292093
 0.294154
 0.293500
 0.295447
 0.295447
 0.296157
 0.294154
 0.296157
 0.295447
 0.297372
 0.297372
 0.298026
 0.296157
 0.298026
 0.297372
 0.299233
 0.294290
 0.294154
 0.296157
 0.296243
 0.296157
 0.298026
 0.296157
 0.296243
 0.294290
 0.299233
 0.299835
 0.298026
 0.294154
 0.294290
 0.292216
 0.292216
 0.292093
 0.294154
 0.299835
 0.299233
 0.301274
 0.300571
 0.301274
 0.299233
 0.292093
 0.292216
 0.290201
 0.290201
 0.290076
 0.292093
 0.303344
 0.301274
 0.300571
 0.290076
 0.290201
 0.288180
 0.288180
 0.288095
 0.290076
 0.303961
 0.305250
 0.309590
 0.309590
 0.306041
 0.303961
 0.301711
 0.301274
 0.303344
 0.301274
 0.301711
 0.299835
 0.303478
 0.303344
 0.306041
 0.303344
 0.303478
 0.301711
 0.305918
 0.306041
 0.309590
 0.306041
 0.305918
 0.303478
 0.309590
 0.309744
 0.305918
 0.301485
 0.301711
 0.303478
 0.304171
 0.305918
 0.309744
 0.309744
 0.304612
 0.304171
 0.302876
 0.303478
 0.305918
 0.305918
 0.304171
 0.302876
 0.303478
 0.302876
 0.301485
 0.302873
 0.304171
 0.304612
 0.304612
 0.302615
 0.302873
 0.302154
 0.302876
 0.304171
 0.304171
 0.302873
 0.302154
 0.301039
 0.301485
 0.302876
 0.302876
 0.302154
 0.301039
 0.301711
 0.301485
 0.299779
 0.299779
 0.301485
 0.301039
 0.299779
 0.299835
 0.301711
 0.299835
 0.299779
 0.298149
 0.298149
 0.298026
 0.299835
 0.298026
 0.298149
 0.296243
 0.301039
 0.299443
 0.299779
 0.298149
 0.299779
 0.299443
 0.296243
 0.298149
 0.297738
 0.299443
 0.297738
 0.298149
 0.297738
 0.295809
 0.296243
 0.294290
 0.296243
 0.295809
 0.297738
 0.299443
 0.298693
 0.295809
 0.293880
 0.294290
 0.292216
 0.294290
 0.293880
 0.295809
 0.297738
 0.296902
 0.298693
 0.296902
 0.297738
 0.293880
 0.295809
 0.294998
 0.296902
 0.294998
 0.295809
 0.293880
 0.291867
 0.292216
 0.290201
 0.292216
 0.291867
 0.294998
 0.296902
 0.296867
 0.298813
 0.296867
 0.296902
 0.296902
 0.298693
 0.298813
 0.294998
 0.293123
 0.293880
 0.291867
 0.293880
 0.293123
 0.300492
 0.298693
 0.299443
 0.299443
 0.301039
 0.300492
 0.300492
 0.301039
 0.302154
 0.300492
 0.301715
 0.302318
 0.302154
 0.301715
 0.300492
 0.301715
 0.302154
 0.302873
 0.302873
 0.302572
 0.301715
 0.302572
 0.302873
 0.302615
 0.302615
 0.302555
 0.302572
 0.293123
 0.291197
 0.291867
 0.289898
 0.291867
 0.291197
 0.291867
 0.289898
 0.290201
 0.289337
 0.291197
 0.291086
 0.291197
 0.289337
 0.289898
 0.291086
 0.289223
 0.289337
 0.288180
 0.290201
 0.289898
 0.287483
 0.289337
 0.289223
 0.287926
 0.289898
 0.289337
 0.289898
 0.287926
 0.288180
 0.289337
 0.287483
 0.287926
 0.286166
 0.288180
 0.287926
 0.288095
 0.288180
 0.286166
 0.286166
 0.286113
 0.288095
 0.285975
 0.287926
 0.287483
 0.287926
 0.285975
 0.286166
 0.286113
 0.286166
 0.284155
 0.284155
 0.286166
 0.285975
 0.284155
 0.284116
 0.286113
 0.287483
 0.285639
 0.285975
 0.285975
 0.284027
 0.284155
 0.284027
 0.285975
 0.285639
 0.284116
 0.284155
 0.282183
 0.282183
 0.284155
 0.284027
 0.282183
 0.282148
 0.284116
 0.283799
 0.285639
 0.285590
 0.285639
 0.283799
 0.284027
 0.284027
 0.282112
 0.282183
 0.282112
 0.284027
 0.283799
 0.282148
 0.282183
 0.280272
 0.280272
 0.282183
 0.282112
 0.280272
 0.280238
 0.282148
 0.283799
 0.281958
 0.282112
 0.280255
 0.282112
 0.281958
 0.282112
 0.280255
 0.280272
 0.280133
 0.280158
 0.281958
 0.281958
 0.280158
 0.280255
 0.280158
 0.280133
 0.278363
 0.280272
 0.280255
 0.278446
 0.278446
 0.280255
 0.280158
 0.280238
 0.280272
 0.278417
 0.278446
 0.278417
 0.280272
 0.278417
 0.278389
 0.280238
 0.280158
 0.278397
 0.278446
 0.278363
 0.278397
 0.280158
 0.278389
 0.278417
 0.276596
 0.276596
 0.276572
 0.278389
 0.276572
 0.276596
 0.274794
 0.276657
 0.278397
 0.278363
 0.278446
 0.278397
 0.276657
 0.278363
 0.276622
 0.276657
 0.278417
 0.278446
 0.276659
 0.276657
 0.276659
 0.278446
 0.276659
 0.276596
 0.278417
 0.274910
 0.276657
 0.276622
 0.276659
 0.276657
 0.274910
 0.276596
 0.276659
 0.274881
 0.274910
 0.274881
 0.276659
 0.274881
 0.274794
 0.276596
 0.274881
 0.274910
 0.273147
 0.274794
 0.274881
 0.273097
 0.273147
 0.273097
 0.274881
 0.273097
 0.273003
 0.274794
 0.273097
 0.273147
 0.271396
 0.273003
 0.273097
 0.271330
 0.271396
 0.271330
 0.273097
 0.271330
 0.271228
 0.273003
 0.271330
 0.271396
 0.269670
 0.271228
 0.271330
 0.269597
 0.269670
 0.269597
 0.271330
 0.269597
 0.269496
 0.271228
 0.267975
 0.269670
 0.269644
 0.269597
 0.269670
 0.267975
 0.269496
 0.269597
 0.267897
 0.267975
 0.267897
 0.269597
 0.267897
 0.267792
 0.269496
 0.267897
 0.267975
 0.266277
 0.267792
 0.267897
 0.266201
 0.266277
 0.266201
 0.267897
 0.266201
 0.266107
 0.267792
 0.264562
 0.266277
 0.266266
 0.266201
 0.266277
 0.264562
 0.266266
 0.264565
 0.264562
 0.266107
 0.266201
 0.264486
 0.264562
 0.264486
 0.266201
 0.264486
 0.264406
 0.266107
 0.262740
 0.264562
 0.264565
 0.264486
 0.264562
 0.262740
 0.264406
 0.264486
 0.262663
 0.262740
 0.262663
 0.264486
 0.262663
 0.262605
 0.264406
 0.260915
 0.260867
 0.262740
 0.262663
 0.262740
 0.260867
 0.260867
 0.260915
 0.259090
 0.262605
 0.262663
 0.260794
 0.260867
 0.260794
 0.262663
 0.259090
 0.259014
 0.260867
 0.260794
 0.260867
 0.259014
 0.259014
 0.259090
 0.257258
 0.260794
 0.260763
 0.262605
 0.262605
 0.260763
 0.260797
 0.259011
 0.260797
 0.260763
 0.259014
 0.258952
 0.260794
 0.260763
 0.260794
 0.258952
 0.260763
 0.258954
 0.259011
 0.258952
 0.258954
 0.260763
 0.257234
 0.259011
 0.258954
 0.257258
 0.257162
 0.259014
 0.258952
 0.259014
 0.257162
 0.258954
 0.257157
 0.257234
 0.257157
 0.258954
 0.258952
 0.255464
 0.257234
 0.257157
 0.257157
 0.255370
 0.255464
 0.258952
 0.257118
 0.257157
 0.255370
 0.257157
 0.257118
 0.257162
 0.257118
 0.258952
 0.257118
 0.255291
 0.255370
 0.257118
 0.257162
 0.255311
 0.255311
 0.255291
 0.257118
 0.253595
 0.255370
 0.255291
 0.253597
 0.253480
 0.255311
 0.255291
 0.255311
 0.253480
 0.255291
 0.253487
 0.253595
 0.253480
 0.253487
 0.255291
 0.253487
 0.253480
 0.251653
 0.251802
 0.253595
 0.253487
 0.253595
 0.251802
 0.251886
 0.250069
 0.251886
 0.251802
 0.253487
 0.251682
 0.251802
 0.251653
 0.251682
 0.253487
 0.251802
 0.250002
 0.250069
 0.250002
 0.251802
 0.251682
 0.248238
 0.250069
 0.250002
 0.249878
 0.251682
 0.251653
 0.251682
 0.249878
 0.250002
 0.249907
 0.249830
 0.251653
 0.251653
 0.249830
 0.249878
 0.248202
 0.250002
 0.249878
 0.250002
 0.248202
 0.248238
 0.248103
 0.249878
 0.249830
 0.249878
 0.248103
 0.248202
 0.249830
 0.248051
 0.248103
 0.248238
 0.248202
 0.246375
 0.246375
 0.248202
 0.248103
 0.246375
 0.246380
 0.248238
 0.246319
 0.248103
 0.248051
 0.248103
 0.246319
 0.246375
 0.248051
 0.246276
 0.246319
 0.244515
 0.246319
 0.246276
 0.246375
 0.246319
 0.244515
 0.246276
 0.244496
 0.244515
 0.246380
 0.246375
 0.244526
 0.244515
 0.244526
 0.246375
 0.244526
 0.244504
 0.246380
 0.242676
 0.244515
 0.244496
 0.244526
 0.244515
 0.242676
 0.242694
 0.244496
 0.244477
 0.244496
 0.242694
 0.242676
 0.244477
 0.242677
 0.242694
 0.244504
 0.244526
 0.242648
 0.242676
 0.242648
 0.244526
 0.242648
 0.242614
 0.244504
 0.240896
 0.242694
 0.242677
 0.242676
 0.242694
 0.240896
 0.242677
 0.240920
 0.240896
 0.242648
 0.242676
 0.240794
 0.240896
 0.240794
 0.242676
 0.242614
 0.242648
 0.240748
 0.240794
 0.240748
 0.242648
 0.240748
 0.240743
 0.242614
 0.239195
 0.240896
 0.240920
 0.240794
 0.240896
 0.239195
 0.240748
 0.240794
 0.238982
 0.239195
 0.238982
 0.240794
 0.240743
 0.240748
 0.238939
 0.238982
 0.238939
 0.240748
 0.238939
 0.239001
 0.240743
 0.239001
 0.238939
 0.237190
 0.238982
 0.239195
 0.237565
 0.238939
 0.238982
 0.237245
 0.237565
 0.237245
 0.238982
 0.237245
 0.237190
 0.238939
 0.235958
 0.237565
 0.237696
 0.237245
 0.237565
 0.235958
 0.237190
 0.237245
 0.235547
 0.235958
 0.235547
 0.237245
 0.235547
 0.235470
 0.237190
 0.235547
 0.235958
 0.234371
 0.235470
 0.235547
 0.233836
 0.234371
 0.233836
 0.235547
 0.233836
 0.233685
 0.235470
 0.233836
 0.234371
 0.232742
 0.233685
 0.233836
 0.232140
 0.232742
 0.232140
 0.233836
 0.232140
 0.231838
 0.233685
 0.232140
 0.232742
 0.230995
 0.231838
 0.232140
 0.230381
 0.230995
 0.230381
 0.232140
 0.230381
 0.229988
 0.231838
 0.230381
 0.230995
 0.229186
 0.229988
 0.230381
 0.228616
 0.229186
 0.228616
 0.230381
 0.228193
 0.228211
 0.229186
 0.226254
 0.228211
 0.228193
 0.229186
 0.228211
 0.227947
 0.227947
 0.228211
 0.226254
 0.227947
 0.228616
 0.229186
 0.228616
 0.228212
 0.229988
 0.229988
 0.228212
 0.228420
 0.227475
 0.228212
 0.228616
 0.228420
 0.228212
 0.227475
 0.228616
 0.227947
 0.227475
 0.227475
 0.227760
 0.228420
 0.226051
 0.227760
 0.227475
 0.226254
 0.226134
 0.227947
 0.227475
 0.227947
 0.226134
 0.225391
 0.226134
 0.226254
 0.226134
 0.225391
 0.225278
 0.227475
 0.225953
 0.226051
 0.226134
 0.225953
 0.227475
 0.226051
 0.225953
 0.225278
 0.225278
 0.225953
 0.226134
 0.371874
 0.312124
 0.200676
 0.200676
 0.212516
 0.371874
 0.345059
 0.371874
 0.212516
 0.200676
 0.100641
 0.106612
 0.106612
 0.212516
 0.200676
 0.106612
 0.100641
 0.059022
 0.020220
 0.059022
 0.059831
 0.106612
 0.059831
 0.059022
 0.020220
 0.212516
 0.106612
 0.080729
 0.106612
 0.059831
 0.033161
 0.033161
 0.080729
 0.106612
 0.020220
 0.018094
 0.059831
 0.033161
 0.059831
 0.018094
 0.080729
 0.169285
 0.212516
 0.212516
 0.169285
 0.345059
 0.024903
 0.080729
 0.033161
 0.169285
 0.080729
 0.024903
 0.345059
 0.169285
 0.073697
 0.024903
 0.073697
 0.169285
 0.073697
 0.116049
 0.345059
 0.116049
 0.073697
 0.026976
 0.116049
 0.073697
 0.024903
 0.073697
 0.026976
 0.026976
 0.008699
 0.059444
 0.075317
 0.008699
 0.008699
 0.059444
 0.059444
 0.018531
 0.059444
 0.018531
 0.024903
 0.024903
 0.033161
 0.024903
 0.033161
 0.018094
 0.033161
 0.018094
 0.018094
 0.018094
 0.020220
 0.020220
 0.051146
 0.050519
 0.050435
 0.050435
 0.051099
 0.051146
 0.051099
 0.050435
 0.050370
 0.052414
 0.051146
 0.051099
 0.051099
 0.052456
 0.052414
 0.054408
 0.052414
 0.052456
 0.052456
 0.054777
 0.054408
 0.055620
 0.054408
 0.054777
 0.052371
 0.052456
 0.051099
 0.054777
 0.052456
 0.052371
 0.054777
 0.055632
 0.055620
 0.056447
 0.055620
 0.055632
 0.056447
 0.057356
 0.057352
 0.055632
 0.056514
 0.056447
 0.057356
 0.056447
 0.056514
 0.055632
 0.054777
 0.054813
 0.052371
 0.054813
 0.054777
 0.058303
 0.057356
 0.057422
 0.056514
 0.057422
 0.057356
 0.057422
 0.058379
 0.058303
 0.059340
 0.058303
 0.058379
 0.059340
 0.060381
 0.060291
 0.061355
 0.060291
 0.060381
 0.058379
 0.059444
 0.059340
 0.060381
 0.059340
 0.059444
 0.060381
 0.061401
 0.061355
 0.062382
 0.061355
 0.061401
 0.059444
 0.060476
 0.060381
 0.061401
 0.060381
 0.060476
 0.061401
 0.062415
 0.062382
 0.060476
 0.061469
 0.061401
 0.062415
 0.061401
 0.061469
 0.060476
 0.059444
 0.059498
 0.061469
 0.060476
 0.060513
 0.059498
 0.060513
 0.060476
 0.061469
 0.062458
 0.062415
 0.063431
 0.062415
 0.062458
 0.060513
 0.061496
 0.061469
 0.062458
 0.061469
 0.061496
 0.062458
 0.063456
 0.063431
 0.064314
 0.064452
 0.065554
 0.065554
 0.065386
 0.064314
 0.064477
 0.064452
 0.063431
 0.063431
 0.063456
 0.064477
 0.065554
 0.065554
 0.064452
 0.064452
 0.064477
 0.065554
 0.065386
 0.065554
 0.066781
 0.066781
 0.066589
 0.065386
 0.065554
 0.065554
 0.066663
 0.066663
 0.066781
 0.065554
 0.066589
 0.066781
 0.068267
 0.068267
 0.067981
 0.066589
 0.066781
 0.066663
 0.068153
 0.068153
 0.068267
 0.066781
 0.067981
 0.068267
 0.070103
 0.070103
 0.069789
 0.067981
 0.068267
 0.068153
 0.070042
 0.070042
 0.070103
 0.068267
 0.069789
 0.070103
 0.072291
 0.072291
 0.072039
 0.069789
 0.074531
 0.072039
 0.072291
 0.070103
 0.070042
 0.072278
 0.072278
 0.072291
 0.070103
 0.072291
 0.074780
 0.074531
 0.074780
 0.072291
 0.072278
 0.077271
 0.074531
 0.074780
 0.072278
 0.070042
 0.070197
 0.070197
 0.070042
 0.068153
 0.074780
 0.077539
 0.077271
 0.072278
 0.074837
 0.074780
 0.077539
 0.074780
 0.074837
 0.074837
 0.077777
 0.077539
 0.080447
 0.077539
 0.077777
 0.074837
 0.072278
 0.072511
 0.070197
 0.072511
 0.072278
 0.080447
 0.083369
 0.083267
 0.086202
 0.083267
 0.083369
 0.083369
 0.080447
 0.080691
 0.077777
 0.080691
 0.080447
 0.083369
 0.086298
 0.086202
 0.080691
 0.083595
 0.083369
 0.086298
 0.083369
 0.083595
 0.083595
 0.086486
 0.086298
 0.089238
 0.086298
 0.086486
 0.086486
 0.089362
 0.089238
 0.092185
 0.089238
 0.089362
 0.092185
 0.095130
 0.095051
 0.097988
 0.095051
 0.095130
 0.089362
 0.092233
 0.092185
 0.095130
 0.092185
 0.092233
 0.095130
 0.098062
 0.097988
 0.092233
 0.095103
 0.095130
 0.097972
 0.098062
 0.095130
 0.095130
 0.095103
 0.097972
 0.100845
 0.100978
 0.098062
 0.098062
 0.097972
 0.100845
 0.100978
 0.103878
 0.103802
 0.106678
 0.103802
 0.103878
 0.100978
 0.100845
 0.103725
 0.103725
 0.103878
 0.100978
 0.103878
 0.106766
 0.106678
 0.109537
 0.106678
 0.106766
 0.103878
 0.103725
 0.106615
 0.106615
 0.106766
 0.103878
 0.106766
 0.109644
 0.109537
 0.112385
 0.109537
 0.109644
 0.106766
 0.106615
 0.109513
 0.109513
 0.109644
 0.106766
 0.109644
 0.112516
 0.112385
 0.115230
 0.112385
 0.112516
 0.109644
 0.109513
 0.112417
 0.112417
 0.112516
 0.109644
 0.112516
 0.115363
 0.115230
 0.118083
 0.115230
 0.115363
 0.112516
 0.112417
 0.115295
 0.115295
 0.115363
 0.112516
 0.115363
 0.118167
 0.118083
 0.115363
 0.115295
 0.118115
 0.118115
 0.118167
 0.115363
 0.115122
 0.115295
 0.112417
 0.115295
 0.115122
 0.117993
 0.117993
 0.118115
 0.115295
 0.118167
 0.118115
 0.121013
 0.121013
 0.121075
 0.118167
 0.118115
 0.117993
 0.120958
 0.120958
 0.121013
 0.118115
 0.121075
 0.121013
 0.123921
 0.123921
 0.124003
 0.121075
 0.123921
 0.121013
 0.120958
 0.120958
 0.123943
 0.123921
 0.126846
 0.123921
 0.123943
 0.124003
 0.123921
 0.126846
 0.126846
 0.126952
 0.124003
 0.126952
 0.126846
 0.129811
 0.129811
 0.129936
 0.126952
 0.129811
 0.126846
 0.126936
 0.129936
 0.129811
 0.132813
 0.132813
 0.132953
 0.129936
 0.133299
 0.132953
 0.136009
 0.132953
 0.132813
 0.135841
 0.135841
 0.136009
 0.132953
 0.132813
 0.129811
 0.129945
 0.126936
 0.129945
 0.129811
 0.135841
 0.132813
 0.132962
 0.129945
 0.132962
 0.132813
 0.136009
 0.135841
 0.138797
 0.138797
 0.139034
 0.136009
 0.139034
 0.138797
 0.141689
 0.141689
 0.142127
 0.139034
 0.138797
 0.135841
 0.135969
 0.132962
 0.135969
 0.135841
 0.141689
 0.138797
 0.138836
 0.135969
 0.138836
 0.138797
 0.142127
 0.141689
 0.144576
 0.144576
 0.145459
 0.142127
 0.145719
 0.145459
 0.147789
 0.145459
 0.144576
 0.146083
 0.146083
 0.147789
 0.145459
 0.144576
 0.141689
 0.141524
 0.138836
 0.141524
 0.141689
 0.146083
 0.144576
 0.143967
 0.141524
 0.143967
 0.144576
 0.148347
 0.152708
 0.147789
 0.153021
 0.152708
 0.148347
 0.147789
 0.146083
 0.148347
 0.148347
 0.148412
 0.153021
 0.148347
 0.146083
 0.144958
 0.143967
 0.144958
 0.146083
 0.148412
 0.148347
 0.146096
 0.144958
 0.146096
 0.148347
 0.146096
 0.145942
 0.148412
 0.144958
 0.143967
 0.143894
 0.145942
 0.146096
 0.144992
 0.144992
 0.145700
 0.145942
 0.146096
 0.144958
 0.144596
 0.144596
 0.144992
 0.146096
 0.143894
 0.144596
 0.144958
 0.145700
 0.144992
 0.146933
 0.146933
 0.147625
 0.145700
 0.150728
 0.147625
 0.146933
 0.146933
 0.150414
 0.150728
 0.145603
 0.146933
 0.144992
 0.150414
 0.146933
 0.145603
 0.144992
 0.144596
 0.145603
 0.145603
 0.148210
 0.150414
 0.144600
 0.145603
 0.144596
 0.148210
 0.145603
 0.144600
 0.144596
 0.143894
 0.144600
 0.142143
 0.144600
 0.143894
 0.143894
 0.141690
 0.142143
 0.141690
 0.143894
 0.143967
 0.143967
 0.141524
 0.141690
 0.142631
 0.142143
 0.139394
 0.139394
 0.142143
 0.141690
 0.139394
 0.139389
 0.142631
 0.139107
 0.141690
 0.141524
 0.141690
 0.139107
 0.139394
 0.141524
 0.138836
 0.139107
 0.139389
 0.139394
 0.136523
 0.136523
 0.139394
 0.139107
 0.136523
 0.136363
 0.139389
 0.136300
 0.139107
 0.138836
 0.139107
 0.136300
 0.136523
 0.138836
 0.135969
 0.136300
 0.136363
 0.136523
 0.133496
 0.133496
 0.136523
 0.136300
 0.133301
 0.136300
 0.135969
 0.136300
 0.133301
 0.133496
 0.135969
 0.132962
 0.133301
 0.130431
 0.133496
 0.133301
 0.130251
 0.133301
 0.132962
 0.133301
 0.130251
 0.130431
 0.132962
 0.129945
 0.130251
 0.130249
 0.130431
 0.127320
 0.127320
 0.130431
 0.130251
 0.127320
 0.127194
 0.130249
 0.127164
 0.130251
 0.129945
 0.130251
 0.127164
 0.127320
 0.129945
 0.126936
 0.127164
 0.127194
 0.127320
 0.124174
 0.124174
 0.127320
 0.127164
 0.124174
 0.124139
 0.127194
 0.124057
 0.127164
 0.126936
 0.127164
 0.124057
 0.124174
 0.124139
 0.124174
 0.121016
 0.121016
 0.124174
 0.124057
 0.121016
 0.121092
 0.124139
 0.124057
 0.120944
 0.121016
 0.120944
 0.120958
 0.117993
 0.117911
 0.121016
 0.120944
 0.117993
 0.117871
 0.120944
 0.120944
 0.117871
 0.117911
 0.117871
 0.117993
 0.115122
 0.114990
 0.117911
 0.117871
 0.115122
 0.114949
 0.117871
 0.117871
 0.114949
 0.114990
 0.112121
 0.114990
 0.114949
 0.114949
 0.115122
 0.112217
 0.112417
 0.112217
 0.115122
 0.112217
 0.112417
 0.109513
 0.114949
 0.112052
 0.112121
 0.112217
 0.112052
 0.114949
 0.109269
 0.112121
 0.112052
 0.109513
 0.109307
 0.112217
 0.112052
 0.112217
 0.109307
 0.109307
 0.109513
 0.106615
 0.112052
 0.109169
 0.109269
 0.109307
 0.109169
 0.112052
 0.106416
 0.109269
 0.109169
 0.106615
 0.106409
 0.109307
 0.109169
 0.109307
 0.106409
 0.106409
 0.106615
 0.103725
 0.109169
 0.106298
 0.106416
 0.106409
 0.106298
 0.109169
 0.103557
 0.106416
 0.106298
 0.103725
 0.103531
 0.106409
 0.106298
 0.106409
 0.103531
 0.103531
 0.103725
 0.100845
 0.106298
 0.103439
 0.103557
 0.103531
 0.103439
 0.106298
 0.103557
 0.100694
 0.100904
 0.100694
 0.103557
 0.103439
 0.100845
 0.100674
 0.103531
 0.103439
 0.103531
 0.100674
 0.100674
 0.100845
 0.097972
 0.103439
 0.100594
 0.100694
 0.100674
 0.100594
 0.103439
 0.097826
 0.100694
 0.100594
 0.097972
 0.097838
 0.100674
 0.100594
 0.100674
 0.097838
 0.097838
 0.097972
 0.095103
 0.100594
 0.097766
 0.097826
 0.097838
 0.097766
 0.100594
 0.094956
 0.097826
 0.097766
 0.095103
 0.095022
 0.097838
 0.097766
 0.097838
 0.095022
 0.095022
 0.095103
 0.092233
 0.095022
 0.094953
 0.097766
 0.097766
 0.094953
 0.094956
 0.092233
 0.092217
 0.095022
 0.094953
 0.095022
 0.092217
 0.089409
 0.092217
 0.092233
 0.092233
 0.089362
 0.089409
 0.092217
 0.092149
 0.094953
 0.094956
 0.094953
 0.092149
 0.092149
 0.092217
 0.089409
 0.092149
 0.092084
 0.094956
 0.094956
 0.092084
 0.092099
 0.089409
 0.089340
 0.092149
 0.092084
 0.092149
 0.089340
 0.086581
 0.089409
 0.089362
 0.089340
 0.089409
 0.086581
 0.089362
 0.086486
 0.086581
 0.092099
 0.092084
 0.089205
 0.089340
 0.089205
 0.092084
 0.089205
 0.089148
 0.092099
 0.086581
 0.086509
 0.089340
 0.089205
 0.089340
 0.086509
 0.083721
 0.086581
 0.086486
 0.086509
 0.086581
 0.083721
 0.086486
 0.083595
 0.083721
 0.089148
 0.089205
 0.086316
 0.086509
 0.086316
 0.089205
 0.083721
 0.083649
 0.086509
 0.086316
 0.086509
 0.083649
 0.080838
 0.083721
 0.083595
 0.083649
 0.083721
 0.080838
 0.083595
 0.080691
 0.080838
 0.083649
 0.083421
 0.086316
 0.080838
 0.080766
 0.083649
 0.083421
 0.083649
 0.080766
 0.077950
 0.080838
 0.080691
 0.080766
 0.080838
 0.077950
 0.080691
 0.077777
 0.077950
 0.080766
 0.080520
 0.083421
 0.077950
 0.077895
 0.080766
 0.080520
 0.080766
 0.077895
 0.080320
 0.080520
 0.077630
 0.077895
 0.077630
 0.080520
 0.077895
 0.077950
 0.075119
 0.075119
 0.077950
 0.077777
 0.077777
 0.074837
 0.075119
 0.072511
 0.075119
 0.074837
 0.077630
 0.077895
 0.075109
 0.075119
 0.075109
 0.077895
 0.075109
 0.074879
 0.077630
 0.072489
 0.075109
 0.075119
 0.074879
 0.075109
 0.072489
 0.075119
 0.072511
 0.072489
 0.072489
 0.072267
 0.074879
 0.069637
 0.072267
 0.072489
 0.070095
 0.072489
 0.072511
 0.072489
 0.070095
 0.069637
 0.072511
 0.070197
 0.070095
 0.067802
 0.069637
 0.070095
 0.068207
 0.070095
 0.070197
 0.070095
 0.068207
 0.067802
 0.066704
 0.067802
 0.068207
 0.070197
 0.068287
 0.068207
 0.068153
 0.068287
 0.070197
 0.068287
 0.068153
 0.066663
 0.068207
 0.066792
 0.066704
 0.066792
 0.068207
 0.068287
 0.065540
 0.066704
 0.066792
 0.066663
 0.066787
 0.068287
 0.068287
 0.066787
 0.066792
 0.066787
 0.066663
 0.065554
 0.066792
 0.065575
 0.065540
 0.065575
 0.066792
 0.066787
 0.064445
 0.065540
 0.065575
 0.065554
 0.065574
 0.066787
 0.066787
 0.065574
 0.065575
 0.065574
 0.065554
 0.064477
 0.065575
 0.064476
 0.064445
 0.064476
 0.065575
 0.065574
 0.064477
 0.064483
 0.065574
 0.065574
 0.064483
 0.064476
 0.064483
 0.064477
 0.063456
 0.063424
 0.064445
 0.064476
 0.064445
 0.063424
 0.063390
 0.063452
 0.064476
 0.064483
 0.064476
 0.063452
 0.063424
 0.063456
 0.063463
 0.064483
 0.064483
 0.063463
 0.063452
 0.062475
 0.063463
 0.063456
 0.063452
 0.063463
 0.062475
 0.063456
 0.062458
 0.062475
 0.061496
 0.062475
 0.062458
 0.062475
 0.062455
 0.063452
 0.062455
 0.062475
 0.061496
 0.063424
 0.063452
 0.062455
 0.061496
 0.061469
 0.062455
 0.061469
 0.061496
 0.060513
 0.062455
 0.062411
 0.063424
 0.062411
 0.062455
 0.061469
 0.063390
 0.063424
 0.062411
 0.061469
 0.061401
 0.062411
 0.060513
 0.060482
 0.061469
 0.061401
 0.061469
 0.060482
 0.060482
 0.060513
 0.059498
 0.060482
 0.060394
 0.061401
 0.059498
 0.059471
 0.060482
 0.060394
 0.060482
 0.059471
 0.059471
 0.059383
 0.060394
 0.059471
 0.059498
 0.058431
 0.058431
 0.059498
 0.059444
 0.059444
 0.058379
 0.058431
 0.059383
 0.059471
 0.058422
 0.058431
 0.058422
 0.059471
 0.059271
 0.059383
 0.058362
 0.058422
 0.058362
 0.059383
 0.058362
 0.058289
 0.059271
 0.057475
 0.058431
 0.058379
 0.058422
 0.058431
 0.057475
 0.058379
 0.057422
 0.057475
 0.058362
 0.058422
 0.057474
 0.057475
 0.057474
 0.058422
 0.058289
 0.058362
 0.057420
 0.057474
 0.057420
 0.058362
 0.056562
 0.057475
 0.057422
 0.057474
 0.057475
 0.056562
 0.057422
 0.056514
 0.056562
 0.057420
 0.057474
 0.056553
 0.056562
 0.056553
 0.057474
 0.056553
 0.056486
 0.057420
 0.055676
 0.056562
 0.056514
 0.056553
 0.056562
 0.055676
 0.056514
 0.055632
 0.055676
 0.054813
 0.055676
 0.055632
 0.055676
 0.055644
 0.056553
 0.055644
 0.055676
 0.054813
 0.056486
 0.056553
 0.055644
 0.056422
 0.056486
 0.055548
 0.055644
 0.055548
 0.056486
 0.055548
 0.055468
 0.056422
 0.054813
 0.054746
 0.055644
 0.055548
 0.055644
 0.054746
 0.054746
 0.054813
 0.052371
 0.055468
 0.055548
 0.054606
 0.054746
 0.054606
 0.055548
 0.052371
 0.052394
 0.054746
 0.054606
 0.054746
 0.052394
 0.052394
 0.052436
 0.054606
 0.051140
 0.052465
 0.052436
 0.052394
 0.052371
 0.051008
 0.051099
 0.051008
 0.052371
 0.050370
 0.051008
 0.051099
 0.051008
 0.051046
 0.052394
 0.051046
 0.051008
 0.050370
 0.052436
 0.052394
 0.051046
 0.050370
 0.050442
 0.051046
 0.051046
 0.051114
 0.052436
 0.051114
 0.051046
 0.050442
 0.052436
 0.051114
 0.051140
 0.050442
 0.050515
 0.051114
 0.051140
 0.051114
 0.050515
 0.050515
 0.050537
 0.051140
 0.034701
 0.034703
 0.035296
 0.035296
 0.035343
 0.034701
 0.034680
 0.034701
 0.035343
 0.035343
 0.035296
 0.037553
 0.035343
 0.035355
 0.034680
 0.034634
 0.034680
 0.035355
 0.037553
 0.037484
 0.035343
 0.035355
 0.035343
 0.037484
 0.040284
 0.037484
 0.037553
 0.037553
 0.040521
 0.040284
 0.040284
 0.040521
 0.041867
 0.037484
 0.037618
 0.035355
 0.037618
 0.037484
 0.040284
 0.041867
 0.042038
 0.040284
 0.042038
 0.041867
 0.043255
 0.040284
 0.040761
 0.037618
 0.040761
 0.040284
 0.042038
 0.035355
 0.037618
 0.037543
 0.037543
 0.037618
 0.040761
 0.043255
 0.043262
 0.042038
 0.043262
 0.043255
 0.044636
 0.042038
 0.041962
 0.040761
 0.041962
 0.042038
 0.043262
 0.044636
 0.044639
 0.043262
 0.044639
 0.044636
 0.046016
 0.043262
 0.043272
 0.041962
 0.043272
 0.043262
 0.044639
 0.040806
 0.040761
 0.041962
 0.040761
 0.040806
 0.037543
 0.041976
 0.041962
 0.043272
 0.041962
 0.041976
 0.040806
 0.044639
 0.044680
 0.043272
 0.046016
 0.046038
 0.044639
 0.044680
 0.044639
 0.046038
 0.046038
 0.046016
 0.047315
 0.043284
 0.043272
 0.044680
 0.043272
 0.043284
 0.041976
 0.047315
 0.047351
 0.046038
 0.046038
 0.046120
 0.044680
 0.046120
 0.046038
 0.047351
 0.047351
 0.047432
 0.046120
 0.047432
 0.047351
 0.048537
 0.044706
 0.044680
 0.046120
 0.044680
 0.044706
 0.043284
 0.046159
 0.046120
 0.047432
 0.046120
 0.046159
 0.044706
 0.048537
 0.048617
 0.047432
 0.048617
 0.048537
 0.049704
 0.047464
 0.047432
 0.048617
 0.047432
 0.047464
 0.046159
 0.049704
 0.049771
 0.048617
 0.049771
 0.049704
 0.050871
 0.048617
 0.048651
 0.047464
 0.048651
 0.048617
 0.049771
 0.046159
 0.047464
 0.047430
 0.047464
 0.048651
 0.048616
 0.048616
 0.047430
 0.047464
 0.049771
 0.049797
 0.048651
 0.047430
 0.046114
 0.046159
 0.044706
 0.046159
 0.046114
 0.049797
 0.049771
 0.050890
 0.050871
 0.050890
 0.049771
 0.046114
 0.044667
 0.044706
 0.043284
 0.044706
 0.044667
 0.050890
 0.050871
 0.051463
 0.044667
 0.043248
 0.043284
 0.041976
 0.043284
 0.043248
 0.043248
 0.041929
 0.041976
 0.040806
 0.041976
 0.041929
 0.052631
 0.052050
 0.052052
 0.041929
 0.040738
 0.040806
 0.037543
 0.040806
 0.040738
 0.052050
 0.052631
 0.052619
 0.053878
 0.053209
 0.053078
 0.053078
 0.053734
 0.053878
 0.052631
 0.053209
 0.053216
 0.053216
 0.052619
 0.052631
 0.053209
 0.053878
 0.053827
 0.053827
 0.053216
 0.053209
 0.054716
 0.053878
 0.053734
 0.054751
 0.053827
 0.053878
 0.053878
 0.054716
 0.054751
 0.055693
 0.054751
 0.054716
 0.054716
 0.055656
 0.055693
 0.056586
 0.056604
 0.055656
 0.055693
 0.055656
 0.056604
 0.054788
 0.054751
 0.055693
 0.053827
 0.054751
 0.054788
 0.056604
 0.056650
 0.055693
 0.056650
 0.056604
 0.057548
 0.057548
 0.057608
 0.056650
 0.057608
 0.057548
 0.058493
 0.055720
 0.055693
 0.056650
 0.055693
 0.055720
 0.054788
 0.056680
 0.056650
 0.057608
 0.056650
 0.056680
 0.055720
 0.058493
 0.058562
 0.057608
 0.059412
 0.059442
 0.058493
 0.058562
 0.058493
 0.059442
 0.057645
 0.057608
 0.058562
 0.057608
 0.057645
 0.056680
 0.059442
 0.059511
 0.058562
 0.059511
 0.059442
 0.060395
 0.061325
 0.061354
 0.060395
 0.061354
 0.061325
 0.062289
 0.060395
 0.060454
 0.059511
 0.060454
 0.060395
 0.061354
 0.058603
 0.058562
 0.059511
 0.058562
 0.058603
 0.057645
 0.059549
 0.059511
 0.060454
 0.059511
 0.059549
 0.058603
 0.061354
 0.061394
 0.060454
 0.062289
 0.062317
 0.061354
 0.061394
 0.061354
 0.062317
 0.062317
 0.062289
 0.063255
 0.060484
 0.060454
 0.061394
 0.060454
 0.060484
 0.059549
 0.063255
 0.063281
 0.062317
 0.063281
 0.063255
 0.064217
 0.062317
 0.062332
 0.061394
 0.062332
 0.062317
 0.063281
 0.061394
 0.061409
 0.060484
 0.061409
 0.061394
 0.062332
 0.064217
 0.064241
 0.063281
 0.064241
 0.064217
 0.065174
 0.063281
 0.063272
 0.062332
 0.065174
 0.065198
 0.064241
 0.063281
 0.064241
 0.064212
 0.064212
 0.063272
 0.063281
 0.064241
 0.065198
 0.065155
 0.065155
 0.064212
 0.064241
 0.066101
 0.065155
 0.065198
 0.065198
 0.066151
 0.066101
 0.067051
 0.066101
 0.066151
 0.066151
 0.067101
 0.067051
 0.068006
 0.067051
 0.067101
 0.067101
 0.068049
 0.068006
 0.068964
 0.068006
 0.068049
 0.068049
 0.068996
 0.068964
 0.069892
 0.069936
 0.068996
 0.069936
 0.069892
 0.070836
 0.069914
 0.068964
 0.068996
 0.068996
 0.069936
 0.069914
 0.070836
 0.070864
 0.069936
 0.070846
 0.069914
 0.069936
 0.069936
 0.070864
 0.070846
 0.068964
 0.069914
 0.069857
 0.069857
 0.068898
 0.068964
 0.068006
 0.068964
 0.068898
 0.070864
 0.071782
 0.071762
 0.071762
 0.070846
 0.070864
 0.072674
 0.071762
 0.071782
 0.071782
 0.072700
 0.072674
 0.070846
 0.071762
 0.071745
 0.071745
 0.071762
 0.072674
 0.069914
 0.070846
 0.070806
 0.071745
 0.070806
 0.070846
 0.070806
 0.069857
 0.069914
 0.072674
 0.072682
 0.071745
 0.070806
 0.071745
 0.071741
 0.071741
 0.071745
 0.072682
 0.069857
 0.070806
 0.070766
 0.071741
 0.070766
 0.070806
 0.070766
 0.069800
 0.069857
 0.068898
 0.069857
 0.069800
 0.070779
 0.070766
 0.071741
 0.069813
 0.069800
 0.070766
 0.070766
 0.070779
 0.069813
 0.069800
 0.068843
 0.068898
 0.068953
 0.068866
 0.069813
 0.069800
 0.069813
 0.068866
 0.068866
 0.068843
 0.069800
 0.068866
 0.068953
 0.068014
 0.071741
 0.071763
 0.070779
 0.068014
 0.067925
 0.068866
 0.068843
 0.068866
 0.067925
 0.067925
 0.068014
 0.067072
 0.071763
 0.071741
 0.072718
 0.072718
 0.072754
 0.071763
 0.072682
 0.072718
 0.071741
 0.072754
 0.073772
 0.073728
 0.074746
 0.073728
 0.073772
 0.072754
 0.072718
 0.073720
 0.073720
 0.073772
 0.072754
 0.072718
 0.072682
 0.073643
 0.073643
 0.073720
 0.072718
 0.073772
 0.074811
 0.074746
 0.075761
 0.074746
 0.074811
 0.073772
 0.073720
 0.074751
 0.074751
 0.074811
 0.073772
 0.074811
 0.075840
 0.075761
 0.076777
 0.075761
 0.075840
 0.074811
 0.074751
 0.075775
 0.075775
 0.075840
 0.074811
 0.074646
 0.074751
 0.073720
 0.073720
 0.073643
 0.074646
 0.075653
 0.075775
 0.074751
 0.074751
 0.074646
 0.075653
 0.075840
 0.076869
 0.076777
 0.075840
 0.075775
 0.076794
 0.076794
 0.076869
 0.075840
 0.076869
 0.076794
 0.077816
 0.077816
 0.077923
 0.076869
 0.076658
 0.076794
 0.075775
 0.075775
 0.075653
 0.076658
 0.077649
 0.077816
 0.076794
 0.076794
 0.076658
 0.077649
 0.077923
 0.077816
 0.078847
 0.078847
 0.079073
 0.077923
 0.079073
 0.078847
 0.079915
 0.079915
 0.080624
 0.079073
 0.078592
 0.078847
 0.077816
 0.077816
 0.077649
 0.078592
 0.079432
 0.079915
 0.078847
 0.078847
 0.078592
 0.079432
 0.080624
 0.079915
 0.080369
 0.080369
 0.082237
 0.080624
 0.082237
 0.083087
 0.081066
 0.081193
 0.081066
 0.083087
 0.083087
 0.082712
 0.081193
 0.080666
 0.082712
 0.083087
 0.080539
 0.083087
 0.082237
 0.083087
 0.080539
 0.080666
 0.082237
 0.080369
 0.080539
 0.079530
 0.080666
 0.080539
 0.080539
 0.079860
 0.079530
 0.079860
 0.080539
 0.080369
 0.079343
 0.079530
 0.079860
 0.079700
 0.080369
 0.079915
 0.080369
 0.079700
 0.079860
 0.079915
 0.079432
 0.079700
 0.079860
 0.079649
 0.079343
 0.079649
 0.079860
 0.079700
 0.079903
 0.079343
 0.079649
 0.079511
 0.079700
 0.079432
 0.079700
 0.079511
 0.079649
 0.079649
 0.079835
 0.079903
 0.079712
 0.079835
 0.079649
 0.079835
 0.079712
 0.080447
 0.079649
 0.079511
 0.079712
 0.079944
 0.080447
 0.079712
 0.079712
 0.079441
 0.079944
 0.079441
 0.079712
 0.079511
 0.078843
 0.079944
 0.079441
 0.079432
 0.079276
 0.079511
 0.079511
 0.079276
 0.079441
 0.079276
 0.079432
 0.078592
 0.079441
 0.078587
 0.078843
 0.078587
 0.079441
 0.079276
 0.077801
 0.078843
 0.078587
 0.078592
 0.078493
 0.079276
 0.079276
 0.078493
 0.078587
 0.078493
 0.078592
 0.077649
 0.078587
 0.077636
 0.077801
 0.077636
 0.078587
 0.078493
 0.077649
 0.077574
 0.078493
 0.078493
 0.077574
 0.077636
 0.077574
 0.077649
 0.076658
 0.076642
 0.077636
 0.077574
 0.076658
 0.076593
 0.077574
 0.077574
 0.076593
 0.076642
 0.076593
 0.076658
 0.075653
 0.075640
 0.076642
 0.076593
 0.075653
 0.075595
 0.076593
 0.076593
 0.075595
 0.075640
 0.075595
 0.075653
 0.074646
 0.074639
 0.075640
 0.075595
 0.074646
 0.074599
 0.075595
 0.075595
 0.074599
 0.074639
 0.074599
 0.074646
 0.073643
 0.073647
 0.074639
 0.074599
 0.073647
 0.072700
 0.072743
 0.073643
 0.073612
 0.074599
 0.074599
 0.073612
 0.073647
 0.072700
 0.073647
 0.073612
 0.073612
 0.073643
 0.072682
 0.073612
 0.072674
 0.072700
 0.072682
 0.072674
 0.073612
 0.037692
 0.027356
 0.027356
 0.027356
 0.037692
 0.097862
 0.027356
 0.097862
 0.096853
 0.027356
 0.027356
 0.050234
 0.050234
 0.010856
 0.027356
 0.096853
 0.050234
 0.010856
 0.050234
 0.065060
 0.065060
 0.026458
 0.010856
 0.026458
 0.079625
 0.079625
 0.026458
 0.065060
 0.065060
 0.050234
 0.181136
 0.181136
 0.050234
 0.096853
 0.065060
 0.155324
 0.079625
 0.181136
 0.155324
 0.065060
 0.097703
 0.079625
 0.155324
 0.155324
 0.181136
 0.197608
 0.155324
 0.197608
 0.097703
 0.097703
 0.197608
 0.260447
 0.260447
 0.153580
 0.097703
 0.086415
 0.153580
 0.167166
 0.153580
 0.260447
 0.284868
 0.284868
 0.167166
 0.153580
 0.321855
 0.260447
 0.197608
 0.260447
 0.321855
 0.284868
 0.197608
 0.181136
 0.321855
 0.167166
 0.284868
 0.429482
 0.429482
 0.284868
 0.321855
 0.429482
 0.241033
 0.167166
 0.321855
 0.485965
 0.429482
 0.485965
 0.321855
 0.451338
 0.451338
 0.321855
 0.181136
 0.241033
 0.429482
 0.460130
 0.460130
 0.354791
 0.241033
 0.485965
 0.486504
 0.429482
 0.486504
 0.460130
 0.429482
 0.451338
 0.554170
 0.485965
 0.486504
 0.485965
 0.554170
 0.181136
 0.164120
 0.451338
 0.096853
 0.164120
 0.181136
 0.164120
 0.096853
 0.097862
 0.097862
 0.393892
 0.164120
 0.164120
 0.393892
 0.468045
 0.546682
 0.486504
 0.554170
 0.546682
 0.536193
 0.486504
 0.536193
 0.460130
 0.486504
 0.554170
 0.553247
 0.546682
 0.536193
 0.546682
 0.553247
 0.584963
 0.554170
 0.774784
 0.584963
 0.553247
 0.554170
 0.774784
 0.767226
 0.584963
 0.589973
 0.553247
 0.584963
 0.553247
 0.589973
 0.536193
 0.706180
 0.584963
 0.767226
 0.584963
 0.706180
 0.589973
 0.767226
 0.803666
 0.706180
 0.527943
 0.536193
 0.589973
 0.536193
 0.527943
 0.460130
 0.816722
 0.803666
 0.856231
 0.803666
 0.816722
 0.733516
 0.714851
 0.733516
 0.816722
 0.733516
 0.706180
 0.803666
 0.733516
 0.714851
 0.584414
 0.706180
 0.733516
 0.602041
 0.584414
 0.602041
 0.733516
 0.602041
 0.589973
 0.706180
 0.550875
 0.589973
 0.602041
 0.550875
 0.527943
 0.589973
 0.486222
 0.527943
 0.550875
 0.460130
 0.527943
 0.486222
 0.486222
 0.354791
 0.460130
 0.450001
 0.492734
 0.550875
 0.550875
 0.492734
 0.486222
 0.486222
 0.252681
 0.354791
 0.427624
 0.486222
 0.492734
 0.486222
 0.427624
 0.252681
 0.492734
 0.399207
 0.427624
 0.222236
 0.295722
 0.399207
 0.328878
 0.427624
 0.399207
 0.399207
 0.295722
 0.328878
 0.295722
 0.284794
 0.320577
 0.320577
 0.328878
 0.295722
 0.193804
 0.282031
 0.284794
 0.320577
 0.284794
 0.282031
 0.427624
 0.328878
 0.241461
 0.241461
 0.252681
 0.427624
 0.282031
 0.280846
 0.305377
 0.305377
 0.315624
 0.282031
 0.282031
 0.315624
 0.320577
 0.315624
 0.305377
 0.228737
 0.228737
 0.233162
 0.315624
 0.320577
 0.315624
 0.233162
 0.233162
 0.234993
 0.320577
 0.328878
 0.320577
 0.234993
 0.234993
 0.241461
 0.328878
 0.235343
 0.241461
 0.234993
 0.252681
 0.241461
 0.235343
 0.154882
 0.229521
 0.234993
 0.234993
 0.229521
 0.235343
 0.202247
 0.229521
 0.154882
 0.202247
 0.235343
 0.229521
 0.200377
 0.252681
 0.235343
 0.200377
 0.235343
 0.202247
 0.202247
 0.154882
 0.182380
 0.200377
 0.202247
 0.182380
 0.159526
 0.182380
 0.154882
 0.182380
 0.159526
 0.200377
 0.252681
 0.200377
 0.159526
 0.008515
 0.045759
 0.008515
 0.045759
 0.057697
 0.008515
 0.008515
 0.008515
 0.036616
 0.008515
 0.057697
 0.008515
 0.036616
 0.036616
 0.036616
 0.042813
 0.042813
 0.054752
 0.042813
 0.095363
 0.042813
 0.054752
 0.095363
 0.107769
 0.054752
 0.054752
 0.018314
 0.054752
 0.107769
 0.054752
 0.018314
 0.018314
 0.018314
 0.049979
 0.107769
 0.049979
 0.018314
 0.010761
 0.049979
 0.010761
 0.010761
 0.010761
 0.036799
 0.036799
 0.036799
 0.091969
 0.036799
 0.010761
 0.010761
 0.049979
 0.091969
 0.036799
 0.038935
 0.038935
 0.036799
 0.091969
 0.038935
 0.000474
 0.040933
 0.038935
 0.040933
 0.040933
 0.043034
 0.000474
 0.093642
 0.040933
 0.038935
 0.043034
 0.040933
 0.093642
 0.093642
 0.093122
 0.043034
 0.093122
 0.151237
 0.091135
 0.153594
 0.151237
 0.093122
 0.093122
 0.093642
 0.153594
 0.038935
 0.093430
 0.093642
 0.091969
 0.093430
 0.038935
 0.153594
 0.093642
 0.099038
 0.093642
 0.093430
 0.099038
 0.099038
 0.093430
 0.091969
 0.091969
 0.096350
 0.099038
 0.108970
 0.096350
 0.091969
 0.077484
 0.108970
 0.091969
 0.077484
 0.091969
 0.049979
 0.125109
 0.108970
 0.077484
 0.077484
 0.089045
 0.125109
 0.089045
 0.077484
 0.049979
 0.049979
 0.107769
 0.089045
 0.035247
 0.034679
 0.034643
 0.034643
 0.035235
 0.035247
 0.037567
 0.035247
 0.035235
 0.035235
 0.034643
 0.034634
 0.035235
 0.037616
 0.037567
 0.040605
 0.037567
 0.037616
 0.034634
 0.035287
 0.035235
 0.037616
 0.035235
 0.035287
 0.035355
 0.035287
 0.034634
 0.037543
 0.035287
 0.035355
 0.035287
 0.037543
 0.037616
 0.040738
 0.037616
 0.037543
 0.037616
 0.040738
 0.040605
 0.041896
 0.040605
 0.040738
 0.040738
 0.041929
 0.041896
 0.043244
 0.041896
 0.041929
 0.041929
 0.043248
 0.043244
 0.044642
 0.043244
 0.043248
 0.043248
 0.044667
 0.044642
 0.046048
 0.044642
 0.044667
 0.044667
 0.046114
 0.046048
 0.047359
 0.046048
 0.046114
 0.046114
 0.047430
 0.047359
 0.048538
 0.047359
 0.047430
 0.047359
 0.048538
 0.048497
 0.047430
 0.048616
 0.048538
 0.049667
 0.048497
 0.048538
 0.048538
 0.049701
 0.049667
 0.049701
 0.048538
 0.048616
 0.050849
 0.049667
 0.049701
 0.048616
 0.049767
 0.049701
 0.049767
 0.048616
 0.048651
 0.049701
 0.050866
 0.050849
 0.050866
 0.049701
 0.049767
 0.048651
 0.049797
 0.049767
 0.051460
 0.050849
 0.050866
 0.050888
 0.049767
 0.049797
 0.049767
 0.050888
 0.050866
 0.050866
 0.051460
 0.051460
 0.051460
 0.050866
 0.050888
 0.049797
 0.050897
 0.050888
 0.050890
 0.050897
 0.049797
 0.050888
 0.051461
 0.051460
 0.051461
 0.050888
 0.050897
 0.051460
 0.051460
 0.052050
 0.051460
 0.051461
 0.052037
 0.052037
 0.052050
 0.051460
 0.050897
 0.051462
 0.051461
 0.051463
 0.051462
 0.050897
 0.050897
 0.050890
 0.051463
 0.051463
 0.051463
 0.050890
 0.051461
 0.051462
 0.052032
 0.052032
 0.051462
 0.051463
 0.052032
 0.052037
 0.051461
 0.052037
 0.051463
 0.051463
 0.051463
 0.052037
 0.052032
 0.051463
 0.052050
 0.052037
 0.052619
 0.052037
 0.052050
 0.052617
 0.052032
 0.052037
 0.052037
 0.052619
 0.052617
 0.052037
 0.052032
 0.052617
 0.053238
 0.052617
 0.052619
 0.052619
 0.053216
 0.053238
 0.052617
 0.052627
 0.052037
 0.052627
 0.052617
 0.053238
 0.052050
 0.052037
 0.052627
 0.052627
 0.052638
 0.052050
 0.053933
 0.053238
 0.053216
 0.053216
 0.053827
 0.053933
 0.053238
 0.053252
 0.052627
 0.052638
 0.052627
 0.053252
 0.053252
 0.053238
 0.053933
 0.054788
 0.053933
 0.053827
 0.053252
 0.053232
 0.052638
 0.052615
 0.052638
 0.053232
 0.053933
 0.053961
 0.053252
 0.053232
 0.053252
 0.053961
 0.053961
 0.053933
 0.054788
 0.053961
 0.053925
 0.053232
 0.054788
 0.054793
 0.053961
 0.053925
 0.053961
 0.054793
 0.054793
 0.054788
 0.055720
 0.054793
 0.054744
 0.053925
 0.055720
 0.055715
 0.054793
 0.054744
 0.054793
 0.055715
 0.055715
 0.055720
 0.056680
 0.054564
 0.054744
 0.055677
 0.055715
 0.055677
 0.054744
 0.055677
 0.055622
 0.054564
 0.056623
 0.055677
 0.055715
 0.055715
 0.056668
 0.056623
 0.056680
 0.056668
 0.055715
 0.056623
 0.057568
 0.057527
 0.057568
 0.056623
 0.056668
 0.058468
 0.057527
 0.057568
 0.057627
 0.056668
 0.056680
 0.056668
 0.057627
 0.057568
 0.056680
 0.057645
 0.057627
 0.057568
 0.058513
 0.058468
 0.058513
 0.057568
 0.057627
 0.058581
 0.057627
 0.057645
 0.057627
 0.058581
 0.058513
 0.057645
 0.058603
 0.058581
 0.059457
 0.058513
 0.058581
 0.059526
 0.058581
 0.058603
 0.058581
 0.059526
 0.059457
 0.058603
 0.059549
 0.059526
 0.059457
 0.060400
 0.060365
 0.060400
 0.059457
 0.059526
 0.060461
 0.059526
 0.059549
 0.059526
 0.060461
 0.060400
 0.059549
 0.060484
 0.060461
 0.061343
 0.060400
 0.060461
 0.061386
 0.060461
 0.060484
 0.060461
 0.061386
 0.061343
 0.060484
 0.061409
 0.061386
 0.062284
 0.061343
 0.061386
 0.061386
 0.062305
 0.062284
 0.062305
 0.061386
 0.061409
 0.063224
 0.062284
 0.062305
 0.061409
 0.062327
 0.062305
 0.062332
 0.062327
 0.061409
 0.062305
 0.063223
 0.063224
 0.063223
 0.062305
 0.062327
 0.063245
 0.062327
 0.062332
 0.062327
 0.063245
 0.063223
 0.062332
 0.063272
 0.063245
 0.063224
 0.063223
 0.064144
 0.064144
 0.063223
 0.063245
 0.064168
 0.063245
 0.063272
 0.063245
 0.064168
 0.064144
 0.063272
 0.064212
 0.064168
 0.064144
 0.064164
 0.063224
 0.065072
 0.064144
 0.064168
 0.064164
 0.064144
 0.065072
 0.065099
 0.064168
 0.064212
 0.064168
 0.065099
 0.065072
 0.064212
 0.065155
 0.065099
 0.065072
 0.065105
 0.064164
 0.066007
 0.065072
 0.065099
 0.065105
 0.065072
 0.066007
 0.066037
 0.065099
 0.065155
 0.065099
 0.066037
 0.066007
 0.065155
 0.066101
 0.066037
 0.066007
 0.066046
 0.065105
 0.066947
 0.066007
 0.066037
 0.066046
 0.066007
 0.066947
 0.066984
 0.066037
 0.066101
 0.066037
 0.066984
 0.066947
 0.066101
 0.067051
 0.066984
 0.066126
 0.066046
 0.066986
 0.066947
 0.066986
 0.066046
 0.066986
 0.067072
 0.066126
 0.067072
 0.066986
 0.067925
 0.066986
 0.066947
 0.067892
 0.067892
 0.067925
 0.066986
 0.067892
 0.066947
 0.066984
 0.067925
 0.067892
 0.068843
 0.066984
 0.067938
 0.067892
 0.068843
 0.067892
 0.067938
 0.067938
 0.066984
 0.067051
 0.067938
 0.068898
 0.068843
 0.067051
 0.068006
 0.067938
 0.068898
 0.067938
 0.068006
 0.002164
 0.007654
 0.007654
 0.007347
 0.007347
 0.007654
 0.008004
 0.008004
 0.007347
 0.008004
 0.007654
 0.057728
 0.057728
 0.060063
 0.008004
 0.007347
 0.008004
 0.060063
 0.060063
 0.057728
 0.113957
 0.124113
 0.113957
 0.175618
 0.113957
 0.124113
 0.060063
 0.060063
 0.060603
 0.007347
 0.060603
 0.060063
 0.124113
 0.124113
 0.130907
 0.060603
 0.006181
 0.007347
 0.060603
 0.007347
 0.006181
 0.060651
 0.060603
 0.130907
 0.060603
 0.060651
 0.006181
 0.145528
 0.130907
 0.203963
 0.130907
 0.134169
 0.060651
 0.134169
 0.130907
 0.145528
 0.060651
 0.134169
 0.110078
 0.110078
 0.134169
 0.145528
 0.145528
 0.208969
 0.110078
 0.110078
 0.034841
 0.060651
 0.006181
 0.060651
 0.034841
 0.295153
 0.208969
 0.315817
 0.192968
 0.110078
 0.208969
 0.208969
 0.295153
 0.192968
 0.034841
 0.110078
 0.077393
 0.077393
 0.110078
 0.192968
 0.034841
 0.006181
 0.006181
 0.034841
 0.053179
 0.077393
 0.053179
 0.034841
 0.053179
 0.192968
 0.127695
 0.077393
 0.053179
 0.077393
 0.099064
 0.127695
 0.099064
 0.077393
 0.127695
 0.192968
 0.347165
 0.347165
 0.192968
 0.295153
 0.099064
 0.127695
 0.197225
 0.347165
 0.197225
 0.127695
 0.099064
 0.063161
 0.053179
 0.197225
 0.135566
 0.099064
 0.063161
 0.099064
 0.135566
 0.197225
 0.347165
 0.379307
 0.135566
 0.197225
 0.379307
 0.053179
 0.063161
 0.028141
 0.053179
 0.028141
 0.135566
 0.071281
 0.063161
 0.028141
 0.063161
 0.050720
 0.050720
 0.063161
 0.071281
 0.050720
 0.029324
 0.028141
 0.071281
 0.135566
 0.154463
 0.379307
 0.154463
 0.135566
 0.071281
 0.054466
 0.050720
 0.029324
 0.050720
 0.054466
 0.036441
 0.054466
 0.071281
 0.028141
 0.029324
 0.011687
 0.071281
 0.053338
 0.036441
 0.154463
 0.053338
 0.071281
 0.029324
 0.054466
 0.001383
 0.011687
 0.029324
 0.001383
 0.054466
 0.036441
 0.016678
 0.054466
 0.016678
 0.001383
 0.014585
 0.016678
 0.036441
 0.036441
 0.053338
 0.014585
 0.016678
 0.003464
 0.001383
 0.003464
 0.016678
 0.014585
 0.011687
 0.001383
 0.001383
 0.003464
 0.011687
 0.028141
 0.011687
 0.028141
 0.003464
 0.014585
 0.003464
 0.003035
 0.014585
 0.019735
 0.003035
 0.014585
 0.014585
 0.053338
 0.019735
 0.019735
 0.053338
 0.042604
 0.042604
 0.053338
 0.154463
 0.042604
 0.015332
 0.019735
 0.002337
 0.015332
 0.042604
 0.003035
 0.042604
 0.002337
 0.002337
 0.042604
 0.052376
 0.052376
 0.042604
 0.154463
 0.154463
 0.167095
 0.052376
 0.372528
 0.167095
 0.154463
 0.154463
 0.379307
 0.372528
 0.211754
 0.167095
 0.372528
 0.167095
 0.211754
 0.066684
 0.066684
 0.052376
 0.167095
 0.228257
 0.211754
 0.372528
 0.066684
 0.211754
 0.228257
 0.372528
 0.379307
 0.228257
 0.052376
 0.066684
 0.010466
 0.052376
 0.000983
 0.010466
 0.000983
 0.052376
 0.000983
 0.000983
 0.010466
 0.010466
 0.010466
 0.014431
 0.010466
 0.066684
 0.010466
 0.014431
 0.066684
 0.067015
 0.014431
 0.228257
 0.067015
 0.066684
 0.684651
 0.228257
 0.379307
 0.684651
 0.379307
 0.648712
 0.648712
 0.379307
 0.347165
 0.648712
 0.698565
 0.684651
 0.698565
 0.786114
 0.684651
 0.786114
 0.779333
 0.798458
 0.779333
 0.786114
 0.698565
 0.773232
 0.798458
 0.779333
 0.655925
 0.698565
 0.648712
 0.698565
 0.655925
 0.779333
 0.779333
 0.766710
 0.773232
 0.766710
 0.779333
 0.655925
 0.655925
 0.681169
 0.766710
 0.648712
 0.521928
 0.655925
 0.681169
 0.655925
 0.521928
 0.521928
 0.648712
 0.347165
 0.521928
 0.556535
 0.681169
 0.521928
 0.347165
 0.445260
 0.521928
 0.445260
 0.556535
 0.295153
 0.445260
 0.347165
 0.435840
 0.438595
 0.434988
 0.434988
 0.432160
 0.435840
 0.432160
 0.434988
 0.422511
 0.438595
 0.435840
 0.431728
 0.431728
 0.433599
 0.438595
 0.422511
 0.417456
 0.432160
 0.417456
 0.422511
 0.412398
 0.433599
 0.431728
 0.417948
 0.417948
 0.418340
 0.433599
 0.412398
 0.412331
 0.417456
 0.412331
 0.412398
 0.400708
 0.418340
 0.417948
 0.415234
 0.415234
 0.414590
 0.418340
 0.400708
 0.400757
 0.412331
 0.400757
 0.400708
 0.398406
 0.414590
 0.415234
 0.405699
 0.405699
 0.404843
 0.414590
 0.398827
 0.398406
 0.404843
 0.404843
 0.405699
 0.398827
 0.398406
 0.398827
 0.400757
 0.408389
 0.405699
 0.415234
 0.401196
 0.398827
 0.405699
 0.405699
 0.408389
 0.401196
 0.402330
 0.400757
 0.398827
 0.398827
 0.401196
 0.402330
 0.412255
 0.412331
 0.400757
 0.400757
 0.402330
 0.412255
 0.412331
 0.412255
 0.415542
 0.415542
 0.417456
 0.412331
 0.411972
 0.412255
 0.402330
 0.417456
 0.415542
 0.424676
 0.424676
 0.432160
 0.417456
 0.415999
 0.415542
 0.412255
 0.412255
 0.411972
 0.415999
 0.421732
 0.424676
 0.415542
 0.415542
 0.415999
 0.421732
 0.432160
 0.424676
 0.427727
 0.427727
 0.435840
 0.432160
 0.424676
 0.421732
 0.424064
 0.424064
 0.427727
 0.424676
 0.435840
 0.427727
 0.425133
 0.425133
 0.431728
 0.435840
 0.427727
 0.424064
 0.422525
 0.422525
 0.425133
 0.427727
 0.431728
 0.425133
 0.419391
 0.419391
 0.417948
 0.431728
 0.425133
 0.422525
 0.418666
 0.418666
 0.419391
 0.425133
 0.417948
 0.419391
 0.415593
 0.415593
 0.415234
 0.417948
 0.415234
 0.415593
 0.408389
 0.414954
 0.415593
 0.419391
 0.419391
 0.418666
 0.414954
 0.409812
 0.408389
 0.415593
 0.415593
 0.414954
 0.409812
 0.408389
 0.409812
 0.405388
 0.405388
 0.401196
 0.408389
 0.412110
 0.409812
 0.414954
 0.401196
 0.405388
 0.405723
 0.405723
 0.402330
 0.401196
 0.402330
 0.405723
 0.411972
 0.410342
 0.405388
 0.409812
 0.409812
 0.412110
 0.410342
 0.410634
 0.405723
 0.405388
 0.405388
 0.410342
 0.410634
 0.413029
 0.411972
 0.405723
 0.405723
 0.410634
 0.413029
 0.411972
 0.413029
 0.415715
 0.415715
 0.415999
 0.411972
 0.410634
 0.415063
 0.413029
 0.410342
 0.415063
 0.410634
 0.413029
 0.415063
 0.415715
 0.412110
 0.415063
 0.410342
 0.415999
 0.415715
 0.418346
 0.415715
 0.415063
 0.418346
 0.418346
 0.421732
 0.415999
 0.421732
 0.418346
 0.419595
 0.418346
 0.415063
 0.419595
 0.419595
 0.424064
 0.421732
 0.424064
 0.419595
 0.419039
 0.419595
 0.415063
 0.419039
 0.419039
 0.422525
 0.424064
 0.422525
 0.419039
 0.417144
 0.419039
 0.415063
 0.417144
 0.417144
 0.418666
 0.422525
 0.417144
 0.415063
 0.414716
 0.418666
 0.417144
 0.414716
 0.414716
 0.415063
 0.412110
 0.414716
 0.414954
 0.418666
 0.414954
 0.414716
 0.412110
 0.726804
 0.726813
 0.726915
 0.726915
 0.726904
 0.726804
 0.727082
 0.726804
 0.726904
 0.727173
 0.726915
 0.726813
 0.726813
 0.727083
 0.727173
 0.726904
 0.727279
 0.727082
 0.727347
 0.727082
 0.727279
 0.727735
 0.727173
 0.727083
 0.727083
 0.727677
 0.727735
 0.727279
 0.727544
 0.727347
 0.727607
 0.727347
 0.727544
 0.728721
 0.727735
 0.727677
 0.727677
 0.728691
 0.728721
 0.727544
 0.727808
 0.727607
 0.727816
 0.727607
 0.727808
 0.729569
 0.728721
 0.728691
 0.728691
 0.729587
 0.729569
 0.727808
 0.728104
 0.727816
 0.728388
 0.727816
 0.728104
 0.730495
 0.729569
 0.729587
 0.729587
 0.730545
 0.730495
 0.728104
 0.728646
 0.728388
 0.729488
 0.728388
 0.728646
 0.731138
 0.730495
 0.730545
 0.730545
 0.731218
 0.731138
 0.728646
 0.729507
 0.729488
 0.730473
 0.729488
 0.729507
 0.731554
 0.731138
 0.731218
 0.731218
 0.731651
 0.731554
 0.729507
 0.730438
 0.730473
 0.731163
 0.730473
 0.730438
 0.731755
 0.731554
 0.731651
 0.731651
 0.731858
 0.731755
 0.730438
 0.731091
 0.731163
 0.731615
 0.731163
 0.731091
 0.731744
 0.731755
 0.731858
 0.731858
 0.731846
 0.731744
 0.731846
 0.731615
 0.731523
 0.731523
 0.731744
 0.731846
 0.731091
 0.731523
 0.731615
 0.731755
 0.731744
 0.731366
 0.731744
 0.731523
 0.731171
 0.731171
 0.731366
 0.731744
 0.731523
 0.731091
 0.730792
 0.730792
 0.731171
 0.731523
 0.731366
 0.731374
 0.731755
 0.731554
 0.731755
 0.731374
 0.731366
 0.731171
 0.730860
 0.731374
 0.731194
 0.731554
 0.731138
 0.731554
 0.731194
 0.731374
 0.731366
 0.731028
 0.730860
 0.731028
 0.731366
 0.731194
 0.731374
 0.731034
 0.731028
 0.731034
 0.731374
 0.731194
 0.730824
 0.731138
 0.730495
 0.731138
 0.730824
 0.731034
 0.730875
 0.731194
 0.730824
 0.731194
 0.730875
 0.730824
 0.730266
 0.730495
 0.729569
 0.730495
 0.730266
 0.730875
 0.730554
 0.730824
 0.730266
 0.730824
 0.730554
 0.730266
 0.729529
 0.729569
 0.728721
 0.729569
 0.729529
 0.730554
 0.730081
 0.730266
 0.729529
 0.730266
 0.730081
 0.729529
 0.728792
 0.728721
 0.727735
 0.728721
 0.728792
 0.730081
 0.729486
 0.729529
 0.728792
 0.729529
 0.729486
 0.728792
 0.728042
 0.727735
 0.727173
 0.727735
 0.728042
 0.729486
 0.728871
 0.728792
 0.728042
 0.728792
 0.728871
 0.728042
 0.727549
 0.727173
 0.726915
 0.727173
 0.727549
 0.728871
 0.728284
 0.728042
 0.727549
 0.728042
 0.728284
 0.727549
 0.727306
 0.726915
 0.726904
 0.726915
 0.727306
 0.728284
 0.727867
 0.727549
 0.727306
 0.727549
 0.727867
 0.727306
 0.727287
 0.726904
 0.727279
 0.726904
 0.727287
 0.727867
 0.727645
 0.727306
 0.727287
 0.727306
 0.727645
 0.727287
 0.727510
 0.727279
 0.727544
 0.727279
 0.727510
 0.727645
 0.727612
 0.727287
 0.727510
 0.727287
 0.727612
 0.727510
 0.727745
 0.727544
 0.727808
 0.727544
 0.727745
 0.727612
 0.727750
 0.727510
 0.727745
 0.727510
 0.727750
 0.727745
 0.728005
 0.727808
 0.728104
 0.727808
 0.728005
 0.727750
 0.727947
 0.727745
 0.728005
 0.727745
 0.727947
 0.728005
 0.728326
 0.728104
 0.728646
 0.728104
 0.728326
 0.727947
 0.728191
 0.728005
 0.728326
 0.728005
 0.728191
 0.728326
 0.728819
 0.728646
 0.729507
 0.728646
 0.728819
 0.728191
 0.728505
 0.728326
 0.728819
 0.728326
 0.728505
 0.728819
 0.729506
 0.729507
 0.730438
 0.729507
 0.729506
 0.728505
 0.728940
 0.728819
 0.729506
 0.728819
 0.728940
 0.729506
 0.730231
 0.730438
 0.731091
 0.730438
 0.730231
 0.730231
 0.730792
 0.731091
 0.730231
 0.729506
 0.729494
 0.728940
 0.729494
 0.729506
 0.730792
 0.730231
 0.730067
 0.729494
 0.730067
 0.730231
 0.730067
 0.730535
 0.730792
 0.731171
 0.730792
 0.730535
 0.730535
 0.730860
 0.731171
 0.730067
 0.729494
 0.729467
 0.730535
 0.730067
 0.729888
 0.729467
 0.729888
 0.730067
 0.730860
 0.730535
 0.730245
 0.729888
 0.730245
 0.730535
 0.729051
 0.729467
 0.729494
 0.729494
 0.728940
 0.729051
 0.729888
 0.729467
 0.729430
 0.728697
 0.729051
 0.728940
 0.728940
 0.728505
 0.728697
 0.729467
 0.729051
 0.729133
 0.729133
 0.729430
 0.729467
 0.729051
 0.728697
 0.728866
 0.728866
 0.729133
 0.729051
 0.728420
 0.728697
 0.728505
 0.728505
 0.728191
 0.728420
 0.728647
 0.728866
 0.728697
 0.728697
 0.728420
 0.728647
 0.728209
 0.728420
 0.728191
 0.728191
 0.727947
 0.728209
 0.728481
 0.728647
 0.728420
 0.728420
 0.728209
 0.728481
 0.728058
 0.728209
 0.727947
 0.727947
 0.727750
 0.728058
 0.728373
 0.728481
 0.728209
 0.728209
 0.728058
 0.728373
 0.727983
 0.728058
 0.727750
 0.727750
 0.727612
 0.727983
 0.728336
 0.728373
 0.728058
 0.728058
 0.727983
 0.728336
 0.728030
 0.727983
 0.727612
 0.727612
 0.727645
 0.728030
 0.728385
 0.728336
 0.727983
 0.727983
 0.728030
 0.728385
 0.728217
 0.728030
 0.727645
 0.727645
 0.727867
 0.728217
 0.728530
 0.728385
 0.728030
 0.728030
 0.728217
 0.728530
 0.728541
 0.728217
 0.727867
 0.727867
 0.728284
 0.728541
 0.728765
 0.728530
 0.728217
 0.728217
 0.728541
 0.728765
 0.728971
 0.728541
 0.728284
 0.728284
 0.728871
 0.728971
 0.729065
 0.728765
 0.728541
 0.728541
 0.728971
 0.729065
 0.729436
 0.728971
 0.728871
 0.728871
 0.729486
 0.729436
 0.729392
 0.729065
 0.728971
 0.728971
 0.729436
 0.729392
 0.729882
 0.729436
 0.729486
 0.729486
 0.730081
 0.729882
 0.729706
 0.729392
 0.729436
 0.729436
 0.729882
 0.729706
 0.730250
 0.729882
 0.730081
 0.730081
 0.730554
 0.730250
 0.729970
 0.729706
 0.729882
 0.729882
 0.730250
 0.729970
 0.730506
 0.730250
 0.730554
 0.730554
 0.730875
 0.730506
 0.730159
 0.729970
 0.730250
 0.730250
 0.730506
 0.730159
 0.730635
 0.730506
 0.730875
 0.730875
 0.731034
 0.730635
 0.730256
 0.730159
 0.730506
 0.730506
 0.730635
 0.730256
 0.730632
 0.730635
 0.731034
 0.731034
 0.731028
 0.730632
 0.730257
 0.730256
 0.730635
 0.730635
 0.730632
 0.730257
 0.730500
 0.730632
 0.731028
 0.731028
 0.730860
 0.730500
 0.730245
 0.730500
 0.730860
 0.730632
 0.730500
 0.730161
 0.730161
 0.730257
 0.730632
 0.730500
 0.730245
 0.729977
 0.729977
 0.730161
 0.730500
 0.729725
 0.729977
 0.730245
 0.730245
 0.729888
 0.729725
 0.729430
 0.729725
 0.729888
 0.730161
 0.729977
 0.729742
 0.729977
 0.729725
 0.729578
 0.729578
 0.729742
 0.729977
 0.729725
 0.729430
 0.729387
 0.729387
 0.729578
 0.729725
 0.729742
 0.729861
 0.730161
 0.730257
 0.730161
 0.729861
 0.729742
 0.729578
 0.729478
 0.729861
 0.729923
 0.730257
 0.730256
 0.730257
 0.729923
 0.729861
 0.729742
 0.729585
 0.729478
 0.729585
 0.729742
 0.729923
 0.729861
 0.729662
 0.729585
 0.729662
 0.729861
 0.729923
 0.729921
 0.730256
 0.730159
 0.730256
 0.729921
 0.729662
 0.729701
 0.729923
 0.729921
 0.729923
 0.729701
 0.729921
 0.729855
 0.730159
 0.729970
 0.730159
 0.729855
 0.729701
 0.729699
 0.729921
 0.729855
 0.729921
 0.729699
 0.729855
 0.729730
 0.729970
 0.729706
 0.729970
 0.729730
 0.729699
 0.729655
 0.729855
 0.729730
 0.729855
 0.729655
 0.729730
 0.729557
 0.729706
 0.729392
 0.729706
 0.729557
 0.729655
 0.729573
 0.729730
 0.729557
 0.729730
 0.729573
 0.729557
 0.729354
 0.729392
 0.729065
 0.729392
 0.729354
 0.729573
 0.729460
 0.729557
 0.729354
 0.729557
 0.729460
 0.729354
 0.729144
 0.729065
 0.728765
 0.729065
 0.729144
 0.729460
 0.729329
 0.729354
 0.729144
 0.729354
 0.729329
 0.729144
 0.728950
 0.728765
 0.728530
 0.728765
 0.728950
 0.729329
 0.729193
 0.729144
 0.728950
 0.729144
 0.729193
 0.728950
 0.728795
 0.728530
 0.728385
 0.728530
 0.728795
 0.729193
 0.729068
 0.728950
 0.728795
 0.728950
 0.729068
 0.728795
 0.728694
 0.728385
 0.728336
 0.728385
 0.728694
 0.729068
 0.728965
 0.728795
 0.728694
 0.728795
 0.728965
 0.728694
 0.728652
 0.728336
 0.728373
 0.728336
 0.728652
 0.728965
 0.728896
 0.728694
 0.728652
 0.728694
 0.728896
 0.728652
 0.728670
 0.728373
 0.728481
 0.728373
 0.728670
 0.728896
 0.728866
 0.728652
 0.728670
 0.728652
 0.728866
 0.728670
 0.728741
 0.728481
 0.728647
 0.728481
 0.728741
 0.728866
 0.728874
 0.728670
 0.728741
 0.728670
 0.728874
 0.728741
 0.728856
 0.728647
 0.728866
 0.728647
 0.728856
 0.728874
 0.728920
 0.728741
 0.728856
 0.728741
 0.728920
 0.728856
 0.729009
 0.728866
 0.729133
 0.728866
 0.729009
 0.728920
 0.728999
 0.728856
 0.729009
 0.728856
 0.728999
 0.729009
 0.729191
 0.729133
 0.729430
 0.729133
 0.729191
 0.729191
 0.729387
 0.729430
 0.729191
 0.729009
 0.729103
 0.728999
 0.729103
 0.729009
 0.729387
 0.729191
 0.729225
 0.729103
 0.729225
 0.729191
 0.729225
 0.729354
 0.729387
 0.729578
 0.729387
 0.729354
 0.729354
 0.729478
 0.729578
 0.729225
 0.729103
 0.729192
 0.729354
 0.729225
 0.729254
 0.729192
 0.729254
 0.729225
 0.729478
 0.729354
 0.729319
 0.729254
 0.729319
 0.729354
 0.729139
 0.729192
 0.729103
 0.729103
 0.728999
 0.729139
 0.729254
 0.729192
 0.729280
 0.729192
 0.729139
 0.729280
 0.729319
 0.729254
 0.729280
 0.729100
 0.729139
 0.728999
 0.728999
 0.728920
 0.729100
 0.729139
 0.729100
 0.729280
 0.729077
 0.729100
 0.728920
 0.729100
 0.729077
 0.729280
 0.728920
 0.728874
 0.729077
 0.729074
 0.729077
 0.728874
 0.729077
 0.729074
 0.729280
 0.728874
 0.728866
 0.729074
 0.729090
 0.729074
 0.728866
 0.729074
 0.729090
 0.729280
 0.728866
 0.728896
 0.729090
 0.729126
 0.729090
 0.728896
 0.729090
 0.729126
 0.729280
 0.728896
 0.728965
 0.729126
 0.729177
 0.729126
 0.728965
 0.729126
 0.729177
 0.729280
 0.728965
 0.729068
 0.729177
 0.729238
 0.729177
 0.729068
 0.729177
 0.729238
 0.729280
 0.729068
 0.729193
 0.729238
 0.729305
 0.729238
 0.729193
 0.729238
 0.729305
 0.729280
 0.729193
 0.729329
 0.729305
 0.729369
 0.729305
 0.729329
 0.729305
 0.729369
 0.729280
 0.729329
 0.729460
 0.729369
 0.729424
 0.729369
 0.729460
 0.729369
 0.729424
 0.729280
 0.729460
 0.729573
 0.729424
 0.729464
 0.729424
 0.729573
 0.729424
 0.729464
 0.729280
 0.729573
 0.729655
 0.729464
 0.729487
 0.729464
 0.729655
 0.729464
 0.729487
 0.729280
 0.729655
 0.729699
 0.729487
 0.729488
 0.729487
 0.729699
 0.729487
 0.729488
 0.729280
 0.729699
 0.729701
 0.729488
 0.729469
 0.729488
 0.729701
 0.729488
 0.729469
 0.729280
 0.729701
 0.729662
 0.729469
 0.729432
 0.729469
 0.729662
 0.729469
 0.729432
 0.729280
 0.729662
 0.729585
 0.729432
 0.729432
 0.729380
 0.729280
 0.729380
 0.729432
 0.729585
 0.729380
 0.729319
 0.729280
 0.729585
 0.729478
 0.729380
 0.729319
 0.729380
 0.729478
 0.316646
 0.309417
 0.309439
 0.309439
 0.316379
 0.316646
 0.319809
 0.316646
 0.316379
 0.304939
 0.309439
 0.309417
 0.309417
 0.304543
 0.304939
 0.316379
 0.319197
 0.319809
 0.318256
 0.319809
 0.319197
 0.302598
 0.304939
 0.304543
 0.304543
 0.302047
 0.302598
 0.319197
 0.316610
 0.318256
 0.314938
 0.318256
 0.316610
 0.302677
 0.302598
 0.302047
 0.302047
 0.302131
 0.302677
 0.316610
 0.313606
 0.314938
 0.308546
 0.314938
 0.313606
 0.305762
 0.302677
 0.302131
 0.302131
 0.304833
 0.305762
 0.304833
 0.308546
 0.308940
 0.308940
 0.305762
 0.304833
 0.313606
 0.308940
 0.308546
 0.302677
 0.305762
 0.306580
 0.305762
 0.308940
 0.309226
 0.309226
 0.306580
 0.305762
 0.308940
 0.313606
 0.312772
 0.312772
 0.309226
 0.308940
 0.306580
 0.304406
 0.302677
 0.302598
 0.302677
 0.304406
 0.306580
 0.309226
 0.309518
 0.304406
 0.304338
 0.302598
 0.304939
 0.302598
 0.304338
 0.304406
 0.306580
 0.307410
 0.309518
 0.307410
 0.306580
 0.304338
 0.304406
 0.305921
 0.307410
 0.305921
 0.304406
 0.304338
 0.306244
 0.304939
 0.309439
 0.304939
 0.306244
 0.305921
 0.305894
 0.304338
 0.306244
 0.304338
 0.305894
 0.306244
 0.309841
 0.309439
 0.316379
 0.309439
 0.309841
 0.305894
 0.307365
 0.306244
 0.309841
 0.306244
 0.307365
 0.309841
 0.314621
 0.316379
 0.319197
 0.316379
 0.314621
 0.307365
 0.310042
 0.309841
 0.314621
 0.309841
 0.310042
 0.314621
 0.316730
 0.319197
 0.316610
 0.319197
 0.316730
 0.310042
 0.313193
 0.314621
 0.316730
 0.314621
 0.313193
 0.316730
 0.315250
 0.316610
 0.313606
 0.316610
 0.315250
 0.315250
 0.312772
 0.313606
 0.315250
 0.316730
 0.314695
 0.313193
 0.314695
 0.316730
 0.312772
 0.315250
 0.313919
 0.314695
 0.313919
 0.315250
 0.313919
 0.312052
 0.312772
 0.309226
 0.312772
 0.312052
 0.312052
 0.309518
 0.309226
 0.313919
 0.314695
 0.312301
 0.312052
 0.313919
 0.312065
 0.312301
 0.312065
 0.313919
 0.309518
 0.312052
 0.311110
 0.312065
 0.311110
 0.312052
 0.311546
 0.312301
 0.314695
 0.314695
 0.313193
 0.311546
 0.312065
 0.312301
 0.310001
 0.312301
 0.311546
 0.310001
 0.311110
 0.312065
 0.310001
 0.310108
 0.311546
 0.313193
 0.311546
 0.310108
 0.310001
 0.313193
 0.310042
 0.310108
 0.311110
 0.309795
 0.309518
 0.309795
 0.311110
 0.310001
 0.307410
 0.309518
 0.309795
 0.308720
 0.310108
 0.310042
 0.310108
 0.308720
 0.310001
 0.310042
 0.307365
 0.308720
 0.309795
 0.308604
 0.307410
 0.308604
 0.309795
 0.310001
 0.305921
 0.307410
 0.308604
 0.307895
 0.308720
 0.307365
 0.308720
 0.307895
 0.310001
 0.307365
 0.305894
 0.307895
 0.307868
 0.308604
 0.310001
 0.307895
 0.307868
 0.310001
 0.308604
 0.307868
 0.305921
 0.307868
 0.307895
 0.305894
 0.305894
 0.305921
 0.307868
 0.876120
 0.779691
 0.601719
 0.876120
 0.601719
 0.570226
 0.126481
 0.088033
 0.136928
 0.091135
 0.120174
 0.065108
 0.065108
 0.091135
 0.030767
 0.002164
 0.091135
 0.065894
 0.091135
 0.065894
 0.018947
 0.018947
 0.468045
 0.393892
 0.625150
 0.468045
 0.625150
 1.000000
 1.000000
 0.974009
 0.468045
 0.763896
 0.468045
 0.974009
 0.917970
 0.974009
 1.000000
 1.000000
 0.988935
 0.917970
 0.933379
 0.912798
 0.796582
 0.912798
 0.979661
 0.796582
 0.796582
 0.570226
 0.574481
 0.979661
 0.570226
 0.796582
 0.574481
 0.570226
 0.601719
 0.979661
 0.876120
 0.570226
 0.979661
 0.912798
 0.933379
 0.601719
 0.779691
 0.715884
 0.894245
 0.715884
 0.779691
 0.779691
 0.876120
 0.894245
 0.949499
 0.894245
 0.876120
 0.876120
 0.936292
 0.949499
 0.968229
 0.936292
 0.876120
 0.979661
 0.968229
 0.876120
 0.933379
 0.994759
 0.979661
 0.994759
 0.933379
 0.939483
 0.939483
 1.000000
 0.994759
 1.000000
 1.000000
 0.939483
 0.939483
 0.988935
 1.000000
 1.000000
 0.988935
 1.000000
 0.985011
 1.000000
 0.625150
 0.625150
 0.808956
 0.985011
 0.625150
 0.393892
 0.808956
 0.763896
 0.791962
 0.774784
 0.823761
 0.774784
 0.791962
 0.856231
 0.823761
 0.841160
 0.841160
 0.873138
 0.856231
 0.835913
 0.856231
 0.873138
 0.764502
 0.835913
 0.854054
 0.854054
 0.804559
 0.764502
 0.773232
 0.764502
 0.804559
 0.804559
 0.801944
 0.773232
 0.798458
 0.773232
 0.801944
 0.801944
 0.817925
 0.798458
 0.807078
 0.798458
 0.817925
 0.225022
 0.223842
 0.222787
 0.222787
 0.224832
 0.225022
 0.225943
 0.225022
 0.224832
 0.225022
 0.225943
 0.225699
 0.225699
 0.225943
 0.226314
 0.226314
 0.226385
 0.225699
 0.228017
 0.226385
 0.226314
 0.226314
 0.228193
 0.228017
 0.228017
 0.228193
 0.229218
 0.236107
 0.237696
 0.237539
 0.239153
 0.237539
 0.237696
 0.237696
 0.239282
 0.239153
 0.239282
 0.240920
 0.240809
 0.242610
 0.240809
 0.240920
 0.240920
 0.242677
 0.242610
 0.244463
 0.242610
 0.242677
 0.242677
 0.244477
 0.244463
 0.244463
 0.244477
 0.246284
 0.248185
 0.248094
 0.249907
 0.249907
 0.250030
 0.248185
 0.250030
 0.249907
 0.251751
 0.251876
 0.251751
 0.253597
 0.253597
 0.253716
 0.251876
 0.253716
 0.253597
 0.255427
 0.255513
 0.255427
 0.257258
 0.257258
 0.257303
 0.255513
 0.257303
 0.257258
 0.259090
 0.259090
 0.259095
 0.257303
 0.260886
 0.259095
 0.259090
 0.259090
 0.260915
 0.260886
 0.262707
 0.260886
 0.260915
 0.260915
 0.262761
 0.262707
 0.262761
 0.264565
 0.264493
 0.266182
 0.264493
 0.264565
 0.264565
 0.266266
 0.266182
 0.267859
 0.266182
 0.266266
 0.266266
 0.267954
 0.267859
 0.267954
 0.269644
 0.269551
 0.271277
 0.269551
 0.269644
 0.269644
 0.271366
 0.271277
 0.274876
 0.276622
 0.276598
 0.278378
 0.276598
 0.276622
 0.276622
 0.278363
 0.278378
 0.278378
 0.278363
 0.280133
 0.280133
 0.280185
 0.278378
 0.280185
 0.280133
 0.281938
 0.283948
 0.283773
 0.285590
 0.285590
 0.285847
 0.283948
 0.285847
 0.285590
 0.287384
 0.287720
 0.287384
 0.289223
 0.289223
 0.289597
 0.287720
 0.289597
 0.289223
 0.291086
 0.291086
 0.291553
 0.289597
 0.291553
 0.291086
 0.292950
 0.295447
 0.294887
 0.296867
 0.296867
 0.297372
 0.295447
 0.297372
 0.296867
 0.298813
 0.298813
 0.299233
 0.297372
 0.299233
 0.298813
 0.300571
 0.300571
 0.302318
 0.303344
 0.306041
 0.303344
 0.302318
 0.302318
 0.303961
 0.306041
 0.296867
 0.294887
 0.294998
 0.300571
 0.298813
 0.298693
 0.293123
 0.294998
 0.294887
 0.294887
 0.292950
 0.293123
 0.298693
 0.300492
 0.300571
 0.302318
 0.300571
 0.300492
 0.303961
 0.302318
 0.301715
 0.302555
 0.305250
 0.303961
 0.301715
 0.302572
 0.303961
 0.303961
 0.302572
 0.302555
 0.291197
 0.293123
 0.292950
 0.292950
 0.291086
 0.291197
 0.289223
 0.287384
 0.287483
 0.285639
 0.287483
 0.287384
 0.287384
 0.285590
 0.285639
 0.285590
 0.283773
 0.283799
 0.283799
 0.283773
 0.281938
 0.281938
 0.281958
 0.283799
 0.281958
 0.281938
 0.280133
 0.276622
 0.274876
 0.274910
 0.273147
 0.274910
 0.274876
 0.274876
 0.273116
 0.273147
 0.271396
 0.273147
 0.273116
 0.273116
 0.271366
 0.271396
 0.269670
 0.271396
 0.271366
 0.271366
 0.269644
 0.269670
 0.269644
 0.267954
 0.267975
 0.266277
 0.267975
 0.267954
 0.267954
 0.266266
 0.266277
 0.264565
 0.262761
 0.262740
 0.262740
 0.262761
 0.260915
 0.257162
 0.257258
 0.255427
 0.255427
 0.255311
 0.257162
 0.255311
 0.255427
 0.253597
 0.253480
 0.253597
 0.251751
 0.251751
 0.251653
 0.253480
 0.251653
 0.251751
 0.249907
 0.249830
 0.249907
 0.248094
 0.248094
 0.248051
 0.249830
 0.248051
 0.248094
 0.246284
 0.246284
 0.246276
 0.248051
 0.244496
 0.246276
 0.246284
 0.246284
 0.244477
 0.244496
 0.240920
 0.239282
 0.239195
 0.237565
 0.239195
 0.239282
 0.239282
 0.237696
 0.237565
 0.237696
 0.236107
 0.235958
 0.234371
 0.235958
 0.236107
 0.236107
 0.234502
 0.234371
 0.232742
 0.234371
 0.234502
 0.234502
 0.232839
 0.232742
 0.230995
 0.232742
 0.232839
 0.232839
 0.231052
 0.230995
 0.229186
 0.230995
 0.231052
 0.231052
 0.229218
 0.229186
 0.229186
 0.229218
 0.228193
 0.312124
 0.075317
 0.059444
 0.059444
 0.200676
 0.312124
 0.200676
 0.059444
 0.018531
 0.018531
 0.100641
 0.200676
 0.100641
 0.018531
 0.059022
 0.100641
 0.020220
 0.059022
 0.020220
 0.051140
 0.050537
 0.050519
 0.050519
 0.051146
 0.051140
 0.052465
 0.051140
 0.051146
 0.051146
 0.052414
 0.052465
 0.052465
 0.052414
 0.054408
 0.054408
 0.054536
 0.052465
 0.055468
 0.054536
 0.054408
 0.054408
 0.055620
 0.055468
 0.056422
 0.055468
 0.055620
 0.055620
 0.056447
 0.056422
 0.057352
 0.056422
 0.056447
 0.058289
 0.057352
 0.057356
 0.057356
 0.058303
 0.058289
 0.059271
 0.058289
 0.058303
 0.058303
 0.059340
 0.059271
 0.060291
 0.059271
 0.059340
 0.063390
 0.062382
 0.062415
 0.062415
 0.063431
 0.063390
 0.063390
 0.063431
 0.064452
 0.064452
 0.064314
 0.063390
 0.080320
 0.077271
 0.077539
 0.077539
 0.080447
 0.080320
 0.083267
 0.080320
 0.080447
 0.089148
 0.086202
 0.086298
 0.086298
 0.089238
 0.089148
 0.092099
 0.089148
 0.089238
 0.089238
 0.092185
 0.092099
 0.095051
 0.092099
 0.092185
 0.100904
 0.097988
 0.098062
 0.098062
 0.100978
 0.100904
 0.103802
 0.100904
 0.100978
 0.121092
 0.118083
 0.118167
 0.118167
 0.121075
 0.121092
 0.121092
 0.121075
 0.124003
 0.124003
 0.124139
 0.121092
 0.124139
 0.124003
 0.126952
 0.126952
 0.127194
 0.124139
 0.127194
 0.126952
 0.129936
 0.129936
 0.130249
 0.127194
 0.123943
 0.126936
 0.126846
 0.130249
 0.129936
 0.132953
 0.132953
 0.133299
 0.130249
 0.136009
 0.136363
 0.133299
 0.136363
 0.136009
 0.139034
 0.139034
 0.139389
 0.136363
 0.139389
 0.139034
 0.142127
 0.142127
 0.142631
 0.139389
 0.142631
 0.142127
 0.145459
 0.145459
 0.145719
 0.142631
 0.147789
 0.148210
 0.145719
 0.148210
 0.147789
 0.152708
 0.152708
 0.150414
 0.148210
 0.153021
 0.150728
 0.150414
 0.150414
 0.152708
 0.153021
 0.144600
 0.145719
 0.148210
 0.145719
 0.144600
 0.142143
 0.142143
 0.142631
 0.145719
 0.133496
 0.133299
 0.136363
 0.133299
 0.133496
 0.130431
 0.130431
 0.130249
 0.133299
 0.126936
 0.123943
 0.124057
 0.118083
 0.121092
 0.121016
 0.120944
 0.124057
 0.123943
 0.123943
 0.120958
 0.120944
 0.121016
 0.117911
 0.118083
 0.115230
 0.118083
 0.117911
 0.117911
 0.114990
 0.115230
 0.112385
 0.115230
 0.114990
 0.114990
 0.112121
 0.112385
 0.109537
 0.112385
 0.112121
 0.112121
 0.109269
 0.109537
 0.106678
 0.109537
 0.109269
 0.109269
 0.106416
 0.106678
 0.103802
 0.106678
 0.106416
 0.106416
 0.103557
 0.103802
 0.100904
 0.103802
 0.103557
 0.097988
 0.100904
 0.100694
 0.100694
 0.097826
 0.097988
 0.095051
 0.097988
 0.097826
 0.097826
 0.094956
 0.095051
 0.092099
 0.095051
 0.094956
 0.086316
 0.086202
 0.089148
 0.086202
 0.086316
 0.083421
 0.083421
 0.083267
 0.086202
 0.083267
 0.083421
 0.080520
 0.080520
 0.080320
 0.083267
 0.077630
 0.077271
 0.080320
 0.077271
 0.077630
 0.074879
 0.074879
 0.074531
 0.077271
 0.074531
 0.074879
 0.072267
 0.072267
 0.072039
 0.074531
 0.069789
 0.072039
 0.072267
 0.072267
 0.069637
 0.069789
 0.067981
 0.069789
 0.069637
 0.069637
 0.067802
 0.067981
 0.066589
 0.067981
 0.067802
 0.067802
 0.066704
 0.066589
 0.065386
 0.066589
 0.066704
 0.066704
 0.065540
 0.065386
 0.064314
 0.065386
 0.065540
 0.065540
 0.064445
 0.064314
 0.063390
 0.064314
 0.064445
 0.062411
 0.062382
 0.063390
 0.062382
 0.062411
 0.061401
 0.061401
 0.061355
 0.062382
 0.061355
 0.061401
 0.060394
 0.060394
 0.060291
 0.061355
 0.060291
 0.060394
 0.059383
 0.059383
 0.059271
 0.060291
 0.057420
 0.057352
 0.058289
 0.057352
 0.057420
 0.056486
 0.056486
 0.056422
 0.057352
 0.054606
 0.054536
 0.055468
 0.054536
 0.054606
 0.052436
 0.052436
 0.052465
 0.054536
 0.047351
 0.047315
 0.048497
 0.048497
 0.048537
 0.047351
 0.048537
 0.048497
 0.049667
 0.049667
 0.049704
 0.048537
 0.049704
 0.049667
 0.050849
 0.050849
 0.050871
 0.049704
 0.050871
 0.050849
 0.051460
 0.051460
 0.051463
 0.050871
 0.052050
 0.051463
 0.051460
 0.051460
 0.052052
 0.052050
 0.052052
 0.052615
 0.052631
 0.053209
 0.052631
 0.052615
 0.052615
 0.053078
 0.053209
 0.053734
 0.054564
 0.054716
 0.055656
 0.054716
 0.054564
 0.054564
 0.055622
 0.055656
 0.055656
 0.055622
 0.056586
 0.056604
 0.056586
 0.057527
 0.057527
 0.057548
 0.056604
 0.057548
 0.057527
 0.058468
 0.058468
 0.058493
 0.057548
 0.058493
 0.058468
 0.059412
 0.059442
 0.059412
 0.060365
 0.060365
 0.060395
 0.059442
 0.060395
 0.060365
 0.061325
 0.065198
 0.065174
 0.066126
 0.066126
 0.066151
 0.065198
 0.066151
 0.066126
 0.067072
 0.067072
 0.067101
 0.066151
 0.067101
 0.067072
 0.068014
 0.068014
 0.068049
 0.067101
 0.068049
 0.068014
 0.068953
 0.068953
 0.068996
 0.068049
 0.068996
 0.068953
 0.069892
 0.070864
 0.070836
 0.071787
 0.071787
 0.071782
 0.070864
 0.072700
 0.071782
 0.071787
 0.071787
 0.072743
 0.072700
 0.069892
 0.069813
 0.070779
 0.069813
 0.069892
 0.068953
 0.070779
 0.070836
 0.069892
 0.070836
 0.070779
 0.071763
 0.071763
 0.071787
 0.070836
 0.072743
 0.071787
 0.071763
 0.071763
 0.072754
 0.072743
 0.073728
 0.072743
 0.072754
 0.077801
 0.076777
 0.076869
 0.076869
 0.077923
 0.077801
 0.078843
 0.077801
 0.077923
 0.077923
 0.079073
 0.078843
 0.079944
 0.078843
 0.079073
 0.079073
 0.080624
 0.079944
 0.080447
 0.079944
 0.080624
 0.080624
 0.082237
 0.080447
 0.081066
 0.080447
 0.082237
 0.081066
 0.081193
 0.079903
 0.079903
 0.079835
 0.081066
 0.080447
 0.081066
 0.079835
 0.076777
 0.077801
 0.077636
 0.077636
 0.076642
 0.076777
 0.075761
 0.076777
 0.076642
 0.076642
 0.075640
 0.075761
 0.074746
 0.075761
 0.075640
 0.075640
 0.074639
 0.074746
 0.073728
 0.074746
 0.074639
 0.074639
 0.073647
 0.073728
 0.072743
 0.073728
 0.073647
 0.037692
 0.010856
 0.010856
 0.010856
 0.026458
 0.026458
 0.079625
 0.045759
 0.045759
 0.079625
 0.097703
 0.097703
 0.057697
 0.045759
 0.057697
 0.097703
 0.153580
 0.153580
 0.086415
 0.057697
 0.167166
 0.095363
 0.086415
 0.095363
 0.167166
 0.241033
 0.241033
 0.107769
 0.095363
 0.107769
 0.241033
 0.354791
 0.468045
 0.763896
 0.164120
 0.164120
 0.763896
 0.451338
 0.763896
 0.554170
 0.451338
 0.554170
 0.763896
 0.774784
 0.774784
 0.823761
 0.767226
 0.803666
 0.767226
 0.823761
 0.823761
 0.856231
 0.803666
 0.856231
 0.835913
 0.816722
 0.835913
 0.764502
 0.749895
 0.749895
 0.816722
 0.835913
 0.816722
 0.749895
 0.714851
 0.602041
 0.584414
 0.528778
 0.528778
 0.550875
 0.602041
 0.550875
 0.528778
 0.450001
 0.492734
 0.450001
 0.315817
 0.354791
 0.252681
 0.107769
 0.315817
 0.399207
 0.492734
 0.399207
 0.315817
 0.222236
 0.295722
 0.222236
 0.203963
 0.203963
 0.284794
 0.295722
 0.284794
 0.203963
 0.193804
 0.282031
 0.193804
 0.175618
 0.175618
 0.280846
 0.282031
 0.280846
 0.175618
 0.088033
 0.088033
 0.126481
 0.280846
 0.280846
 0.126481
 0.136928
 0.136928
 0.305377
 0.280846
 0.305377
 0.136928
 0.120174
 0.120174
 0.228737
 0.305377
 0.228737
 0.120174
 0.091135
 0.091135
 0.151237
 0.228737
 0.233162
 0.228737
 0.151237
 0.151237
 0.153594
 0.233162
 0.153594
 0.234993
 0.233162
 0.153594
 0.154882
 0.234993
 0.154882
 0.107769
 0.159526
 0.159526
 0.107769
 0.252681
 0.045759
 0.057697
 0.086415
 0.036616
 0.042813
 0.036616
 0.086415
 0.086415
 0.095363
 0.042813
 0.000474
 0.000474
 0.018947
 0.000474
 0.018947
 0.040791
 0.018947
 0.000474
 0.000474
 0.043034
 0.040791
 0.065894
 0.040791
 0.043034
 0.043034
 0.093122
 0.065894
 0.091135
 0.065894
 0.093122
 0.153594
 0.099038
 0.154882
 0.154882
 0.099038
 0.096350
 0.108970
 0.154882
 0.096350
 0.108970
 0.125109
 0.154882
 0.154882
 0.125109
 0.089045
 0.089045
 0.107769
 0.154882
 0.035296
 0.034703
 0.034679
 0.034679
 0.035247
 0.035296
 0.035296
 0.035247
 0.037567
 0.037567
 0.037553
 0.035296
 0.040521
 0.037553
 0.037567
 0.037567
 0.040605
 0.040521
 0.041867
 0.040521
 0.040605
 0.040605
 0.041896
 0.041867
 0.043255
 0.041867
 0.041896
 0.041896
 0.043244
 0.043255
 0.044636
 0.043255
 0.043244
 0.043244
 0.044642
 0.044636
 0.046016
 0.044636
 0.044642
 0.044642
 0.046048
 0.046016
 0.047315
 0.046016
 0.046048
 0.046048
 0.047359
 0.047315
 0.048497
 0.047315
 0.047359
 0.052050
 0.052052
 0.051460
 0.052052
 0.052050
 0.052638
 0.052638
 0.052615
 0.052052
 0.053232
 0.053078
 0.052615
 0.053078
 0.053232
 0.053925
 0.053925
 0.053734
 0.053078
 0.053734
 0.053925
 0.054744
 0.054744
 0.054564
 0.053734
 0.056586
 0.055622
 0.055677
 0.055677
 0.056623
 0.056586
 0.057527
 0.056586
 0.056623
 0.059412
 0.058468
 0.058513
 0.058513
 0.059457
 0.059412
 0.060365
 0.059412
 0.059457
 0.061325
 0.060365
 0.060400
 0.060400
 0.061343
 0.061325
 0.062289
 0.061325
 0.061343
 0.061343
 0.062284
 0.062289
 0.062289
 0.062284
 0.063224
 0.063224
 0.063255
 0.062289
 0.063255
 0.063224
 0.064164
 0.064164
 0.064217
 0.063255
 0.064217
 0.064164
 0.065105
 0.065105
 0.065174
 0.064217
 0.065174
 0.065105
 0.066046
 0.066046
 0.066126
 0.065174
 0.002164
 0.007654
 0.002164
 0.030767
 0.030767
 0.057728
 0.007654
 0.057728
 0.030767
 0.065108
 0.065108
 0.113957
 0.057728
 0.065108
 0.088033
 0.175618
 0.175618
 0.113957
 0.065108
 0.175618
 0.193804
 0.124113
 0.130907
 0.124113
 0.193804
 0.193804
 0.203963
 0.130907
 0.203963
 0.222236
 0.145528
 0.208969
 0.145528
 0.222236
 0.222236
 0.315817
 0.208969
 0.315817
 0.450001
 0.295153
 0.003035
 0.019735
 0.019735
 0.003035
 0.019735
 0.015332
 0.015332
 0.015332
 0.002337
 0.002337
 0.003035
 0.002337
 0.014431
 0.014431
 0.037692
 0.037692
 0.014431
 0.067015
 0.067015
 0.097862
 0.037692
 0.097862
 0.067015
 0.228257
 0.228257
 0.393892
 0.097862
 0.684651
 0.393892
 0.228257
 0.808956
 0.393892
 0.684651
 0.807078
 0.808956
 0.684651
 0.684651
 0.786114
 0.807078
 0.798458
 0.807078
 0.786114
 0.764502
 0.773232
 0.766710
 0.766710
 0.749895
 0.764502
 0.714851
 0.749895
 0.766710
 0.766710
 0.681169
 0.714851
 0.714851
 0.681169
 0.556535
 0.556535
 0.584414
 0.714851
 0.584414
 0.556535
 0.445260
 0.445260
 0.528778
 0.584414
 0.445260
 0.295153
 0.450001
 0.450001
 0.528778
 0.445260