 756
   757
   758
   759
   760
   761
   763
   764
   765
   766
   767
   789
   790
   791
   792
   793
   794
   795
   796
   797
   798
   799
   800
   801
   802
   803
   804
   805
   806
   807
   808
   809
   810
   811
   812
   813
   814
   815
   816
   817
   818
   819
   820
   821
   822
   823
   824
   825
   826
   827
   828
   829
   830
   831
   832
   833
   834
   835
   836
   837
   838
   839
   840
   841
   842
   843
   844
   845
   846
   847
   848
   849
   850
   851
   852
   853
   854
   855
   856
   857
   858
   859
   860
   861
   862
   863
   864
   865
   866
   867
   868
   869
   870
   871
   872
   873
   874
   875
   876
   877
   878
   879
   880
   881
   882
   883
   884
   885
   886
   887
   888
   889
   890
   891
   892
   893
   894
   895
   896
   897
   898
   899
   900
   901
   902
   903
   904
   905
   906
   907
   908
   909
   910
   911
   912
   913
   914
   915
   916
   917
   918
   919
   920
   921
   922
   923
   924
   925
   926
   927
   928
   929
   930
   931
   932
   933
   934
   935
   936
   937
   938
   939
   940
   941
   942
   943
   944
   945
   946
   947
   948
   949
   950
   951
   952
   953
   954
   955
   956
   957
   958
   959
   960
   961
   962
   963
   964
   965
   966
   967
   968
   969
   970
   971
   972
   973
   974
   975
   976
   977
   978
   979
   980
   981
   982
   983
   984
   985
   986
   987
   988
   989
   990
   991
   992
   993
   994
   995
   996
   997
   998
   999
   1000
   1001
   1002
   1003
   1004
   1005
   1006
   1007
   1008
   1009
   1010
   1011
   1012
   1013
   1014
   1015
   1016
   1017
   1018
   1019
   1020
   1021
   1022
   1023
   1024
   1025
   1026
   1027
   1028
   1029
   1030
   1031
   1032
   1033
   1034
   1035
   1036
   1037
   1038
   1039
   1040
   1041
   1042
   1043
   1044
   1045
   1046
   1047
   1048
   1049
   1050
   1051
   1052
   1053
   1054
   1055
   1056
   1057
   1058
   1059
   1060
   1061
   1062
   1063
   1064
   1065
   1066
   1067
   1068
   1069
   1070
   1071
   1072
   1073
   1074
   1075
   1076
   1077
   1078
   1079
   1080
   1081
   1082
   1083
   1084
   1085
   1086
   1087
   1088
   1089
   1090
   1091
   1092
   1093
   1094
   1095
   1096
   1097
   1098
   1099
   1100
   1101
   1102
   1103
   1104
   1105
   1106
   1107
   1108
   1109
   1110
   1111
   1112
   1113
   1114
   1115
   1116
   1117
   1118
   1119
   1120
   1121
   1122
   1123
   1124
   1125
   1126
   1127
   1128
   1129
   1130
   1131
   1132
   1133
   1134
   1135
   1136
   1137
   1138
   1139
   1140
   1141
   1142
   1143
   1144
   1145
   1146
   1147
   1148
   1149
   1150
   1151
   1152
   1153
   1154
   1155
   1156
   1157
   1158
   1159
   1160
   1161
   1162
   1163
   1164
   1165
   1166
   1167
   1168
   1169
   1170
   1171
   1172
   1173
   1174
   1175
   1176
   1177
   1178
   1179
   1180
   1181
   1182
   1183
   1184
   1185
   1186
   1187
   1188
   1189
   1190
   1191
   1192
   1193
   1194
   1195
   1196
   1197
   1198
   1199
   1200
   1201
   1202
   1203
   1204
   1205
   2493
   2494
   2495
   2496
   2497
   2498
   2499
   2500
   2501
   2502
   2503
   2504
   2505
   2506
   2507
   2508
   2509
   2510
   2511
   2512
   2513
   2514
   2515
   2516
   2517
   2518
   2519
   2520
   2521
   2522
   2523
   2524
   2525
   2526
   2527
   2528
   2529
   2530
   2531
   2532
   2533
   2534
   2535
   2536
   2537
   2538
   2539
   2540
   2541
   2542
   2543
   2544
   2545
   2546
   2547
   2548
   2549
   2550
   2551
   2552
   2553
   2554
   2555
   2556
   2557
   2558
   2559
   2560
   2561
   2562
   2563
   2564
   2565
   2566
   2567
   2568
   2569
   2570
   2571
   2572
   2573
   2574
   2575
   2576
   2577
   2578
   2579
   2580
   2581
   2582
   2583
   2584
   2585
   2586
   2587
   2588
   2589
   2590
   2591
   2592
   2593
   2594
   2595
   2596
   2597
   2598
   2599
   2600
   2601
   2602
   2603
   2604
   2605
   2606
   2607
   2608
   2609
   2610
   2611
   2612
   2613
   2614
   2615
   2616
   2617
   2618
   2619
   2620
   2621
   2622
   2623
   2624
   2625
   2626
   2627
   2628
   2629
   2630
   2631
   2632
   2633
   2634
   2635
   2636
   2637
   2638
   2639
   2640
   2641
   2642
   2643
   2644
   2645
   2646
   2647
   2648
   2649
   2650
   2651
   2652
   2653
   2654
   2655
   2656
   2657
   2658
   2659
   2660
   2661
   2662
   2663
   2664
   2665
   2666
   2667
   2668
   2669
   2670
   2671
   2672
   2673
   2674
   2675
   2676
   2677
   2678
   2679
   2680
   2681
   2682
   2683
   2684
   2685
   2686
   2687
   2688
   2689
   2690
   2691
   2692
   2693
   2694
   2695
   2696
   2697
   2698
   2699
   2700
   2701
   2702
   2703
   2704
   2705
   2706
   2707
   2708
   2709
   2710
   2711
   2712
   2713
   2714
   2715
   2716
   2717
   2718
   2719
   2720
   2721
   2722
   2723
   2724
   2725
   2726
   2727
   2728
   2729
   2730
   2731
   2732
   2733
   2734
   2735
   2736
   2737
   2738
   2739
   2740
   2741
   2742
   2743
   2744
   2745
   2746
   2747
   2748
   2749
   2750
   2751
   2752
   2753
   2754
   2755
   2756
   2757
   2758
   2759
   2760
   2761
   2762
   2763
   2764
   2765
   2766
   2767
   2768
   2769
   2770
   2771
   2772
   2773
   2774
   2775
   2776
   2777
   2778
   2779
   2780
   2781
   2782
   2783
   2784
   2785
   2786
   2787
   2788
   2789
   2790
   2791
   2792
   2793
   2794
   2795
   2796
   2797
   2798
   2799
   2800
   2801
   2802
   2803
   2804
   2805
   2806
   2807
   2808
   2809
   2810
   2811
   2812
   2813
   2814
   2815
   2816
   2817
   2818
   2819
   2820
   2821
   2822
   2823
   2824
   2825
   2826
   2827
   2828
   2829
   2830
   2831
   2832
   2833
   2834
   2835
   2836
   2837
   2838
   2839
   2840
   2841
   2842
   2843
   2844
   2845
   2846
   2847
   2848
   2849
   2850
   2851
   2852
   2853
   2854
   2855
   2856
   2857
   2858
   2859
   2860
   2861
   2862
   2863
   2864
   2865
   2866
   2867
   2868
   2869
   2870
   2871
   2872
   2873
   2874
   2875
   2876
   2877
   2878
   2879
   2880
   2881
   2882
   2883
   2884
   2885
   2886
   2887
   2888
   2889
   2890
   2891
   2892
   2893
   2894
   2895
   2896
   2897
   2898
   2899
   2900
   2901
   2902
   2903
   2904
   2905
   2906
   2907
   2908
   2909
   2910
   2911
   2912
   2913
   2914
   2915
   2916
   2917
   2918
   2919
   2920
   2921
   2922
   2923
   2924
   2925
   2926
   2927
   2928
   2929
   2930
   2931
   2932
   2933
   2934
   2935
   2936
   2937
   2938
   2939
   2940
   2941
   2942
   2943
   2944
   2945
   2946
   2947
   2948
   2949
   2950
   2951
   2952
   2953
   2954
   2955
   2956
   2957
   2958
   2959
   2960
   2961
   2962
   2963
   2964
   2965
   2966
   2967
   2968
   2969
   2970
   2971
   2972
   2973
   2974
   2975
   2976
   2977
   2978
   2979
   2980
   2981
   2982
   2983
   2984
   2985
   2986
   2987
   2988
   2989
   2990
   2991
   2992
   2993
   2994
   2995
   2996
   2997
   2998
   2999
   3000
   3001
   3002
   3003
   3004
   3005
   3006
   3007
   3008
   3009
   3010
   3011
   3012
   3013
   3014
   3015
   3016
   3017
   3018
   3019
   3020
   3021
   3022
   3023
   3024
   3025
   3026
   3027
   3028
   3029
   3030
   3031
   3032
   3033
   3034
   3035
   3036
   3037
   3038
   3039
   3040
   3041
   3042
   3043
   3044
   3045
   3046
   3047
   3048
   3049
   3050
   3051
   3052
   3053
   3054
   3055
   3056
   3057
   3058
   3059
   3060
   3061
   3062
   3063
   3064
   3065
   3066
   3067
   3068
   3069
   3070
   3071
   3072
   3073
   3074
   3075
   3076
   3077
   3078
   3079
   3080
   3081
   3082
   3083
   3084
   3085
   3086
   3087
   3088
   3089
   3090
   3091
   3092
   3093
   3094
   3095
   3096
   3097
   3098
   3099
   3100
   3101
   3102
   3103
   3104
   3105
   3106
   3107
   3108
   3109
   3110
   3111
   3112
   3113
   3114
   3115
   3116
   3117
   3118
   3119
   3120
   3121
   3122
   3123
   3124
   3125
   3126
   3127
   3128
   3129
   3130
   3131
   3132
   3133
   3134
   3135
   3136
   3137
   3138
   3139
   3140
   3141
   3142
   3143
   3144
   3145
   3146
   3147
   3148
   3149
   3150
   3151
   3152
   3153
   3154
   3155
   3156
   3157
   3158
   3159
   3160
   3161
   3162
   3163
   3164
   3165
   3166
   3167
   3168
   3169
   3170
   3171
   3172
   3173
   3174
   3175
   3176
   3177
   3178
   3179
   3180
   3181
   3182
   3183
   3184
   3185
   3186
   3187
   3188
   3189
   3190
   3191
   3192
   3193
   3194
   3195
   3196
   3197
   3198
   3199
   3200
   3201
   3202
   3203
   3204
   3205
   3206
   3207
   3208
   3209
   3210
   3211
   3212
   3213
   3214
   3215
   3216
   3217
   3218
   3219
   3220
   3221
   3222
   3223
   3224
   3225
   3226
   3227
   3228
   3229
   3230
   3231
   3232
   3233
   3234
   3235
   3236
   3237
   3238
   3239
   3240
   3241
   3242
   3243
   3244
   3245
   3246
   3247
   3248
   3249
   3250
   3251
   3252
   3253
   3254
   3255
   3256
   3257
   3258
   3259
   3260
   3261
   3262
   3263
   3264
   3265
   3266
   3267
   3268
   3269
   3270
   3271
   3272
   3273
   3274
   3275
   3276
   3277
   3278
   3279
   3280
   3281
   3282
   3283
   3284
   3285
   3286
   3287
   3288
   3289
   3290
   3291
   3292
   3293
   3294
   3295
   3296
   3297
   3298
   3299
   3300
   3301
   3302
   3303
   3304
   3305
   3306
   3307
   3308
   3309
   3310
   3311
   3312
   3313
   3314
   3315
   3316
   3317
   3318
   3319
   3320
   3321
   3322
   3323
   3324
   3325
   3326
   3327
   3328
   3329
   3330
   3331
   3332
   3333
   3334
   3335
   3336
   3337
   3338
   3339
   3340
   3341
   3342
   3343
   3344
   3345
   3346
   3347
   3348
   3349
   3350
   3351
   3352
   3353
   3354
   3355
   3356
   3357
   3358
   3359
   3360
   3361
   3362
   3363
   3364
   3365
   3366
   3367
   3368
   3369
   3370
   3371
   3372
   3373
   3374
   3375
   3376
   3377
   3378
   3379
   3380
   3381
   3382
   3383
   3384
   3385
   3386
   3387
   3388
   3389
   3390
   3391
   3392
   3393
   3394
   3395
   3396
   3397
   3398
   3399
   3400
   3401
   3402
   3403
   3404
   3405
   3406
   3407
   3408
   3409
   3410
   3411
   3412
   3413
   3414
   3415
   3416
   3417
   3418
   3419
   3420
   3421
   3422
   3423
   3424
   3425
   3426
   3427
   3428
   3429
   3430
   3431
   3432
   3433
   3434
   3435
   3436
   3437
   3438
   3439
   3440
   3441
   3442
   3443
   3444
   3445
   3446
   3447
   3448
   3449
   3450
   3451
   3452
   3453
   3454
   3455
   3456
   3457
   3458
   3459
   3460
   3461
   3462
   3463
   3464
   3465
   3466
   3467
   3468
   3469
   3470
   3471
   3472
   3473
   3474
   3475
   3476
   3477
   3478
   3479
   3480
   3481
   3482
   3483
   3484
   3485
   3486
   3487
   3488
   3489
   3490
   3491
   3492
   3493
   3494
   3495
   3496
   3497
   3498
   3499
   3500
   3501
   3502
   3503
   3504
   3505
   3506
   3507
   3508
   3509
   3510
   3511
   3512
   3513
   3514
   3515
   3516
   3517
   3518
   3519
   3520
   3521
   3522
   3523
   3524
   3525
   3526
   3527
   3528
   3529
   3530
   3531
   3532
   3533
   3534
   3535
   3536
   3537
   3538
   3539
   3540
   3541
   3542
   3543
   3544
   3545
   3546
   3547
   3548
   3549
   3550
   3551
   3552
   3553
   3554
   3555
   3556
   3557
   3558
   3559
   3560
   3561
   3562
   3563
   3564
   3565
   3566
   3567
   3568
   3569
   3570
   3571
   3572
   3573
   3574
   3575
   3576
   3577
   3578
   3579
   3580
   3581
   3582
   3583
   3584
   3585
   3586
   3587
   3588
   3589
   3590
   3591
   3592
   3593
   3594
   3595
   3596
   3597
   3598
   3599
   3600
   3601
   3602
   3603
   3604
   3605
   3606
   3607
   3608
   3609
   3610
   3611
   3612
   3613
   3614
   3615
   3616
   3617
   3618
   3619
   3620
   3621
   3622
   3623
   3624
   3625
   3626
   3627
   3628
   3629
   3630
   3631
   3632
   3633
   3634
   3635
   3636
   3637
   3638
   3639
   3640
   3641
   3642
   3643
   3644
   3645
   3646
   3647
   3648
   3649
   3650
   3651
   3652
   3653
   3654
   3655
   3656
   3657
   3658
   3659
   3660
   3661
   3662
   3663
   3664
   3665
   3666
   3667
   3668
   3669
   3670
   3671
   3672
   3673
   3674
   3675
   3676
   3677
   3678
   3679
   3680
   3681
   3682
   3683
   3684
   3685
   3686
   3687
   3688
   3689
   3690
   3691
   3692
   3693
   3694
   3695
   3696
   3697
   3698
   3699
   3700
   3701
   3702
   3703
   3704
   3705
   3706
   3707
   3708
   3709
   3710
   3711
   3712
   3713
   3714
   3715
   3716
   3717
   3718
   3719
   3720
   3721
   3722
   3723
   3724
   3725
   3726
   3727
   3728
   3729
   3730
   3731
   3732
   3733
   3734
   3735
   3736
   3737
   3738
   3739
   3740
   3741
   3742
   3743
   3744
   3745
   3746
   3747
   3748
   3749
   3750
   3751
   3752
   3753
   3754
   3755
   3756
   3757
   3758
   3759
   3760
   3761
   3762
   3763
   3764
   3765
   3766
   3767
   3768
   3769
   3770
   3771
   3772
   3773
   3774
   3775
   3776
   3777
   3778
   3779
   3780
   3781
   3782
   3783
   3784
   3785
   3786
   3787
   3788
   3789
   3790
   3791
   3792
   3793
   3794
   3795
   3796
   3797
   3798
   3799
   3800
   3801
   3802
   3803
   3804
   3805
   3806
   3807
   3808
   3809
   3810
   3811
   3812
   3813
   3814
   3815
   3816
   3817
   3818
   3819
   3820
   3821
   3822
   3823
   3824
   3825
   3826
   3827
   3828
   3829
   3830
   3831
   3832
   3833
   3834
   3835
   3836
   3837
   3838
   3839
   3840
   3841
   3842
   3843
   3844
   3845
   3846
   3847
   3848
   3849
   3850
   3851
   3852
   3853
   3854
   3855
   3856
   3857
   3858
   3859
   3860
   3861
   3862
   3863
   3864
   3865
   3866
   10164
   10165
   10166
   10167
   10168
   10169
   10170
   10171
   10172
   10173
   10174
   10175
   10176
   10177
   10178
   10179
   10180
   10181
   10182
   10185
   10186
   10187
   10188
   10189
   10190
   10191
   10192
   10193
   10194
   10195
   10196
   10197
   10198
   10199
   10200
   10201
   10202
   10203
   10204
   10205
   10206
   10207
   10208
   10209
   10210
   10211
   10212
   10213
   10214
   10215
   10216
   10217
   10218
   10219
   10220
   10221
   10222
   10223
   10224
   10225
   10226
   10227
   10228
   10231
   10232
   10233
   10234
   10238
   10239
   10244
   10258
   10260
   10261
   10262
   10263
   10265
   10266
   10273
   10274
   10276
   10307
   10311
   10314
   10316
   10327
   10329
   10331
   10351
   10376
   10377
   10378
   10382
   10806
   10807
   10808
   10809
   10810
   10811
   10812
   10813
   10814
   10815
   10816
   10817
   10818
   10819
   10820
   10821
   10822
   10823
   10824
   10825
   10826
   10827
   10828
   10829
   10830
   10831
   10832
   10833
   10834
   10835
   10836
   10837
   10838
   10839
   10840
   10841
   10842
   10843
   10844
   10845
   10846
   10847
   10848
   10849
   10850
   10851
   10852
   10853
   10854
   10855
   10856
   10857
   10858
   10859
   10860
   10861
   10862
   10863
   10864
   10865
   10866
   10867
   10868
   10869
   10870
   10871
   10872
   10873
   10874
   10875
   10876
   10877
   10878
   10879
   10880
   10881
   10882
   10883
   10884
   10885
   10886
   10887
   10888
   10889
   10890
   10891
   10892
   10893
   10894
   10895
   10896
   10897
   10898
   10899
   10900
   10901
   10902
   10903
   10904
   10905
   10906
   10907
   10908
   10909
   10910
   10911
   10912
   10913
   10914
   10915
   10916
   10917
   10918
   10919
   10920
   10921
   10922
   10923
   10924
   10925
   10926
   10927
   10928
   10929
   10930
   10931
   10932
   10933
   10934
   10935
   10936
   10937
   10938
   10939
   10940
   10941
   10942
   10943
   10944
   10945
   10946
   10947
   10948
   10949
   10950
   10951
   10952
   10953
   10954
   10955
   10956
   10957
   10958
   10959
   10960
   10961
   10962
   10963
   10964
   10965
   10966
   10967
   10968
   10969
   10970
   10971
   10972
   10973
   10974
   10975
   10976
   10977
   10978
   10979
   10980
   10981
   10982
   10983
   10984
   10985
   10986
   10987
   10988
   10989
   10990
   10991
   10992
   10993
   10994
   10995
   10996
   10997
   10998
   10999
   11000
   11001
   11002
   11003
   11004
   11005
   11006
   11007
   11008
   11009
   11010
   11011
   11012
   11013
   11014
   11015
   11016
   11017
   11018
   11019
   11020
   11021
   11022
   11023
   11024
   11025
   11026
   11027
   11028
   11029
   11030
   11031
   11032
   11033
   11034
   11035
   11036
   11037
   11038
   11039
   11040
   11041
   11042
   11043
   11044
   11045
   11046
   11047
   11048
   11049
   11050
   11051
   11052
   11053
   11054
   11055
   11056
   11057
   11058
   11059
   11060
   11061
   11062
   11063
   11064
   11065
   11066
   11067
   11068
   11069
   11070
   11071
   11072
   11073
   11074
   11075
   11076
   11077
   11078
   11079
   11080
   11081
   11082
   11083
   11084
   11085
   11086
   11087
   11088
   11089
   11090
   11091
   11092
   11093
   11094
   11095
   11096
   11097
   11098
   11099
   11100
   11101
   11102
   11103
   11104
   11105
   11106
   11107
   11108
   11109
   11110
   11111
   11112
   11113
   11114
   11115
   11116
   11117
   11118
   11119
   11120
   11121
   11122
   11123
   11124
   11125
   11126
   11127
   11128
   11129
   11130
   11131
   11132
   11133
   11134
   11135
   11136
   11137
   11138
   11139
   11140
   11141
   11142
   11143
   11144
   11145
   11146
   11147
   11148
   11149
   11150
   11151
   11152
   11153
   11154
   11155
   11156
   11157
   11158
   11159
   11160
   11161
   11162
   11163
   11164
   11165
   11166
   11167
   11168
   11169
   11170
   11171
   11172
   11173
   11174
   11175
   11176
   11177
   11178
   11179
   11180
   11181
   11182
   11183
   11184
   11185
   11186
   11187
   11188
   11189
   11190
   11191
   11192
   11193
   11194
   11195
   11196
   11197
   11198
   11199
   11200
   11201
   11202
   11203
   11204
   11205
   11206
   11207
   11208
   11209
   11210
   11211
   11212
   11213
   11214
   11215
   11216
   11217
   11218
   11219
   11220
   11221
   11222
   11223
   11224
   11225
   11226
   11227
   11228
   11229
   11230
   11231
   11232
   11233
   11234
   11235
   11236
   11237
   11238
   11239
   11240
   11241
   11242
   11243
   11244
   11245
   11246
   11247
   11248
   11249
   11250
   11251
   11252
   11253
   11254
   11255
   11256
   11257
   11258
   11259
   11260
   11261
   11262
   11263
   11264
   11265
   11266
   11267
   11268
   11269
   11270
   11271
   11272
   11273
   11274
   11275
   11276
   11277
   11278
   11279
   11280
   11281
   11282
   11283
   11284
   11285
   11286
   11287
   11288
   11289
   11290
   11291
   11292
   11293
   11294
   11295
   11296
   11297
   11298
   11299
   11300
   11301
   11302
   11303
   11304
   11305
   11306
   11307
   11308
   11309
   11310
   11311
   11312
   11313
   11314
   11315
   11316
   11317
   11318
   11319
   11320
   11321
   11322
   11323
   11324
   11325
   11326
   11327
   11328
   11329
   11330
   11331
   11332
   11333
   11334
   11335
   11336
   11337
   11338
   11339
   11340
   11341
   11342
   11343
   11344
   11345
   11346
   11347
   11348
   11349
   11350
   11351
   11352
   11353
   11354
   11355
   11356
   11357
   11358
   11359
   11360
   11361
   11362
   11363
   11364
   11365
   11366
   11367
   11368
   11369
   11370
   11371
   11372
   11373
   11374
   11375
   11376
   11377
   11378
   11379
   11380
   11381
   11382
   11383
   11384
   11385
   11386
   11387
   11388
   11389
   11390
   11391
   11392
   11393
   11394
   11395
   11396
   11397
   11398
   11399
   11400
   11401
   11402
   11403
   11404
   11405
   11406
   11407
   11408
   11409
   11410
   11411
   11412
   11413
   11414
   11415
   11416
   11417
   11418
   11419
   11420
   11421
   11422
   11423
   11424
   11425
   11426
   11427
   11428
   11429
   11430
   11431
   11432
   11433
   11434
   11435
   11436
   11437
   11438
   11439
   11440
   11441
   11442
   11443
   11444
   11445
   11446
   11447
   11448
   11449
   11450
   11451
   11452
   11453
   11454
   11455
   11456
   11457
   11458
   11459
   11460
   11461
   11462
   11463
   11464
   11465
   11466
   11467
   11468
   11469
   11470
   11471
   11472
   11473
   11474
   11475
   11476
   11477
   11478
   11479
   11480
   11481
   11482
   11483
   11484
   11485
   11486
   11487
   11488
   11489
   11490
   11491
   11492
   11493
   11494
   11495
   11496
   11497
   11498
   11499
   11500
   11501
   11502
   11503
   11504
   11505
   11506
   11507
   11508
   11509
   11510
   11511
   11512
   11513
   11514
   11515
   11516
   11517
   11518
   11519
   11520
   11521
   11522
   11523
   11524
   11525
   11526
   11527
   11528
   11529
   11530
   11531
   11532
   11533
   11534
   11535
   11536
   11537
   11538
   11539
   11540
   11541
   11542
   11543
   11544
   11545
   11546
   11547
   11548
   11549
   11550
   11551
   11552
   11553
   11554
   11555
   11556
   11557
   11558
   11559
   11560
   11561
   11562
   11563
   11564
   11565
   11566
   11567
   11568
   11569
   11570
   11571
   11572
   11573
   11574
   11575
   11576
   11577
   11578
   11579
   11580
   11581
   11582
   11583
   11584
   11585
   11586
   11587
   11588
   11589
   11590
   11591
   11592
   11593
   11594
   11595
   11596
   11597
   11598
   11599
   11600
   11601
   11602
   11603
   11604
   11605
   11606
   11607
   11608
   11609
   11610
   11611
   11612
   11613
   11614
   11615
   11616
   11617
   11618
   11619
   11620
   11621
   11622
   11623
   11624
   11625
   11626
   11627
   11628
   11629
   11630
   11631
   11632
   11633
   11634
   11635
   11636
   11637
   11638
   11639
   11640
   11641
   11642
   11643
   11644
   11645
   11646
   11647
   11648
   11649
   11650
   11651
   11652
   11653
   11654
   11655
   11656
   11657
   11658
   11659
   11660
   11661
   11662
   11663
   11664
   11665
   11666
   11667
   11668
   11669
   11670
   11671
   11672
   11673
   11674
   11675
   11676
   11677
   11678
   11679
   11680
   11681
   11682
   11683
   11684
   11685
   11686
   11687
   11688
   11689
   11690
   11691
   11692
   11693
   11694
   11695
   11696
   11697
   11698
   11699
   11700
   11701
   11702
   11703
   11704
   11705
   11706
   11707
   11708
   11709
   11710
   11711
   11712
   11713
   11714
   11715
   11716
   11717
   11718
   11719
   11720
   11721
   11722
   11723
   11724
   11725
   11726
   11727
   11728
   11729
   11730
   11731
   11732
   11733
   11734
   11735
   11736
   11737
   11738
   11739
   11740
   11741
   11742
   11743
   11744
   11745
   11746
   11747
   11748
   11749
   11750
   11751
   11752
   11753
   11754
   11755
   11756
   11757
   11758
   11759
   11760
   11761
   11762
   11763
   11764
   11765
   11766
   11767
   11768
   11769
   11770
   11771
   11772
   11773
   11774
   11775
   11776
   11777
   11778
   11779
   11780
   11781
   11782
   11783
   11784
   11785
   11786
   11787
   11788
   11789
   11790
   11791
   11792
   11793
   11794
   11795
   11796
   11797
   11798
   11799
   11800
   11801
   11802
   11803
   11804
   11805
   11806
   11807
   11808
   11809
   11810
   11811
   11812
   11813
   11814
   11815
   11816
   11817
   11818
   11819
   11820
   11821
   11822
   11823
   11824
   11825
   11826
   11827
   11828
   11829
   11830
   11831
   11832
   11833
   11834
   11835
   11836
   11837
   11838
   11839
   11840
   11841
   11842
   11843
   11844
   11845
   11846
   11847
   11848
   11849
   11850
   11851
   11852
   11853
   11854
   11855
   11856
   11857
   11858
   11859
   11860
   11861
   11862
   11863
   11864
   11865
   11866
   11867
   11868
   11869
   11870
   11871
   11872
   11873
   11874
   11875
   11876
   11877
   11878
   11879
   11880
   11881
   11882
   11883
   11884
   11885
   11886
   11887
   11888
   11889
   11890
   11891
   11892
   11893
   11894
   11895
   11896
   11897
   11898
   11899
   11900
   11901
   11902
   11903
   11904
   11905
   11906
   11907
   11908
   11909
   11910
   11911
   11912
   11913
   11914
   11915
   11916
   11917
   11918
   11919
   11920
   11921
   11922
   11923
   11924
   11925
   11926
   11927
   11928
   11929
   11930
   11931
   11932
   11933
   11934
   11935
   11936
   11937
   11938
   11939
   11940
   11941
   11942
   11943
   11944
   11945
   11946
   11947
   11948
   11949
   11950
   11951
   11952
   11953
   11954
   11955
   11956
   11957
   11958
   11959
   11960
   11961
   11962
   11963
   11964
   11965
   11966
   11967
   11968
   11969
   11970
   11971
   11972
   11973
   11974
   11975
   11976
   11977
   11978
   11979
   11980
   11981
   11982
   11983
   11984
   11985
   11986
   11987
   11988
   11989
   11990
   11991
   11992
   11993
   11994
   11995
   11996
   11997
   11998
   11999
   12000
   12001
   12002
   12003
   12004
   12005
   12006
   12007
   12008
   12009
   12010
   12011
   12012
   12013
   12014
   12015
   12016
   12017
   12018
   12019
   12020
   12021
   12022
   12023
   12024
   12025
   12026
   12027
   12028
   12029
   12030
   12031
   12032
   12033
   12034
   12035
   12036
   12037
   12038
   12039
   12040
   12041
   12042
   12043
   12044
   12045
   12046
   12047
   12048
   12049
   12050
   12051
   12052
   12053
   12054
   12055
   12056
   12057
   12058
   12059
   12060
   12061
   12062
   12063
   12064
   12065
   12066
   12067
   12068
   12069
   12070
   12071
   12072
   12073
   12074
   12075
   12076
   12077
   12078
   12079
   12080
   12081
   12082
   12083
   12084
   12085
   12086
   12087
   12088
   12089
   12090
   12091
   12092
   12093
   12094
   12095
   12096
   12097
   12098
   12099
   12100
   12101
   12102
   12103
   12104
   12105
   12106
   12107
   12108
   12109
   12110
   12111
   12112
   12113
   12114
   12115
   12116
   12117
   12118
   12119
   12120
   12121
   12122
   12123
   12124
   12125
   12126
   12127
   12128
   12129
   12130
   12131
   12132
   12133
   12134
   12135
   12136
   12137
   12138
   12139
   12140
   12141
   12142
   12143
   12144
   12145
   12146
   12147
   12148
   12149
   12150
   12151
   12152
   12153
   12154
   12155
   12156
   12157
   12158
   12159
   12160
   12161
   12162
   12163
   12164
   12165
   12166
   12167
   12168
   12169
   12170
   12171
   12172
   12173
   12174
   12175
   12176
   12177
   12178
   12179
   12180
   12181
   12182
   12183
   12184
   12185
   12186
   12187
   12188
   12189
   12190
   12191
   12192
   12193
   12194
   12195
   12196
   12197
   12198
   12199
   12200
   12201
   12202
   12203
   12204
   12205
   12206
   12207
   12208
   12209
   12210
   12211
   12212
   12213
   12214
   12215
   12216
   12217
   12218
   12219
   12220
   12221
   12222
   12223
   12224
   12225
   12226
   12227
   12228
   12229
   12230
   12231
   12232
   12233
   12234
   12235
   12236
   12237
   12238
   12239
   12240
   12241
   12242
   12243
   12244
   12245
   12246
   12247
   12248
   12249
   12250
   12251
   12252
   12253
   12254
   12255
   12256
   12257
   12258
   12259
   12260
   12261
   12262
   12263
   12264
   12265
   12266
   12267
   12268
   12269
   12270
   12271
   12272
   12273
   12274
   12275
   12276
   12277
   12278
   12279
   12280
   12281
   12282
   12283
   12284
   12285
   12286
   12287
   12288
   12289
   12290
   12291
   12292
   12293
   12294
   12295
   12296
   12297
   12298
   12299
   12300
   12301
   12302
   12303
   12304
   12305
   12306
   12307
   12308
   12309
   12310
   12311
   12312
   12313
   12314
   12315
   12316
   12317
   12318
   12319
   12320
   12321
   12322
   12323
   12324
   12325
   12326
   12327
   12328
   12329
   12330
   12331
   12332
   12333
   12334
   12335
   12336
   12337
   12338
   12339
   12340
   12341
   12342
   12343
   12344
   12345
   12346
   12347
   12348
   12349
   12350
   12351
   12352
   12353
   12354
   12355
   12356
   12357
   12358
   12359
   12360
   12361
   12362
   12363
   12364
   12365
   12366
   12367
   12368
   12369
   12370
   12371
   12372
   12373
   12374
   12375
   12376
   12377
   12378
   12379
   12380
   12381
   12382
   12383
   12384
   12385
   12386
   12387
   12388
   12389
   12390
   12391
   12392
   12393
   12394
   12395
   12396
   12397
   12398
   12399
   12400
   12401
   12402
   12403
   12404
   12405
   12406
   12407
   12408
   12409
   12410
   12411
   12412
   12413
   12414
   12415
   12416
   12417
   12418
   12419
   12420
   12421
   12422
   12423
   12424
   12425
   12426
   12427
   12428
   12429
   12430
   12431
   12432
   12433
   12434
   12435
   12436
   12437
   12438
   12439
   12440
   12441
   12442
   12443
   12444
   12445
   12446
   12447
   12448
   12449
   12450
   12451
   12452
   12453
   12454
   12455
   12456
   12457
   12458
   12459
   12460
   12461
   12462
   12463
   12464
   12465
   12466
   12467
   12468
   12469
   12470
   12471
   12472
   12473
   12474
   12475
   12476
   12477
   12478
   12479
   12480
   12481
   12482
   12483
   12484
   12485
   12486
   12487
   12488
   12489
   12490
   12491
   12492
   12493
   12494
   12495
   12496
   12497
   12498
   12499
   12500
   12501
   12502
   12503
   12504
   12505
   12506
   12507
   12508
   12509
   12510
   12511
   12512
   12513
   12514
   12515
   12516
   12517
   12518
   12519
   12520
   12521
   12522
   12523
   12524
   12525
   12526
   12527
   12528
   12529
   12530
   12531
   12532
   12533
   12534
   12535
   12536
   12537
   12538
   12539
   12540
   12541
   12542
   12543
   12544
   12545
   12546
   12547
   12548
   12549
   12550
   12551
   12552
   12553
   12554
   12555
   12556
   12557
   12558
   12559
   12560
   12561
   12562
   12563
   12564
   12565
   12566
   12567
   12568
   12569
   12570
   12571
   12572
   12573
   12574
   12575
   12576
   12577
   12578
   12579
   12580
   12581
   12582
   12583
   12584
   12585
   12586
   12587
   12588
   12589
   12590
   12591
   12592
   12593
   12594
   12595
   12596
   12597
   12598
   12599
   12600
   12601
   12602
   12603
   12604
   12605
   12606
   12607
   12608
   12609
   12610
   12611
   12612
   12613
   12614
   12615
   12616
   12617
   12618
   12619
   12620
   12621
   12622
   12623
   12624
   12625
   12626
   12627
   12628
   12629
   12630
   12631
   12632
   12633
   12634
   12635
   12636
   12637
   12638
   12639
   12640
   12641
   12642
   12643
   12644
   12645
   12646
   12647
   12648
   12649
   12650
   12651
   12652
   12653
   12654
   12655
   12656
   12657
   12658
   12659
   12660
   12661
   12662
   12663
   12664
   12665
   12666
   12667
   12668
   12669
   12670
   12671
   12672
   12673
   12674
   12675
   12676
   12677
   12678
   12679
   12680
   12681
   12682
   12683
   12684
   12685
   12686
   12687
   12688
   12689
   12690
   12691
   12692
   12693
   12694
   12695
   12696
   12697
   12698
   12699
   12700
   12701
   12702
   12703
   12704
   12705
   12706
   12707
   12708
   12709
   12710
   12711
   12712
   12713
   12714
   12715
   12716
   12717
   12718
   12719
   12720
   12721
   12722
   12723
   12724
   12725
   12726
   12727
   12728
   12729
   12730
   12731
   12732
   12733
   12734
   12735
   12736
   12737
   12738
   12739
   12740
   12741
   12742
   12743
   12744
   12745
   12746
   12747
   12748
   12749
   12750
   12751
   12752
   12753
   12754
   12755
   12756
   12757
   12758
   12759
   12760
   12761
   12762
   12763
   12764
   12765
   12766
   12767
   12768
   12769
   12770
   12771
   12772
   12773
   12774
   12775
   12776
   12777
   12778
   12779
   12780
   12781
   12782
   12783
   12784
   12785
   12786
   12787
   12788
   12789
   12790
   12791
   12792
   12793
   12794
   12795
   12796
   12797
   12798
   12799
   12800
   12801
   12802
   12803
   12804
   12805
   12806
   12807
   12808
   12809
   12810
   12811
   12812
   12813
   12814
   12815
   12816
   12817
   12818
   12819
   12820
   12821
   12822
   12823
   12824
   12825
   12826
   12827
   12828
   12829
   12830
   12831
   12832
   12833
   12834
   12835
   12836
   12837
   12838
   12839
   12840
   12841
   12842
   12843
   12844
   12845
   12846
   12847
   12848
   12849
   12850
   12851
   12852
   12853
   12854
   12855
   12856
   12857
   12858
   12859
   12860
   12861
   12862
   12863
   12864
   12865
   12866
   12867
   12868
   12869
   12870
   12871
   12872
   12873
   12874
   12875
   12876
   12877
   12878
   12879
   12880
   12881
   12882
   12883
   12884
   12885
   12886
   12887
   12888
   12889
   12890
   12891
   12892
   12893
   12894
   12895
   12896
   12897
   12898
   12899
   12900
   12901
   12902
   12903
   12904
   12905
   12906
   12907
   12908
   12909
   12910
   12911
   12912
   12913
   12914
   12915
   12916
   12917
   12918
   12919
   12920
   12921
   12922
   12923
   12924
   12925
   12926
   12927
   12928
   12929
   12930
   12931
   12932
   12933
   12934
   12935
   12936
   12937
   12938
   12939
   12940
   12941
   12942
   12943
   12944
   12945
   12946
   12947
   12948
   12949
   12950
   12951
   12952
   12956
   12957
   12958
   12959
   12960
   12963
   12964
   12965
   12967
   12968
   12969
   12970
   12972
   12973
   12974
   12975
   12976
   12977
   12978
   12979
   12980
   12982
   12983
   12984
   12985
   12986
   12987
   12988
   12989
   12990
   12991
   12992
   12993
   12994
   12995
   12996
   12997
   12998
   12999
   13000
   13001
   13002
   13003
   13004
   13005
   13006
   13007
   13008
   13009
   13010
   13011
   13012
   13013
   13014
   13015
   13016
   13017
   13018
   13019
   13020
   13021
   13022
   13023
   13024
   13025
   13026
   13027
   13028
   13029
   13030
   13031
   13032
   13033
   13034
   13035
   13036
   13037
   13038
   13039
   13040
   13041
   13042
   13043
   13044
   13045
   13046
   13047
   13048
   13049
   13050
   13051
   13052
   13053
   13054
   13055
   13056
   13057
   13058
   13059
   13060
   13061
   13062
   13063
   13064
   13065
   13066
   13067
   13068
   13069
   13070
   13071
   13072
   13073
   13074
   13075
   13076
   13077
   13078
   13079
   13080
   13081
   13082
   13083
   13084
   13085
   13086
   13087
   13088
   13089
   13090
   13091
   13092
   13093
   13094
   13095
   13096
   13097
   13098
   13099
   13100
   13101
   13102
   13103
   13104
   13105
   13106
   13107
   13108
   13109
   13110
   13111
   13112
   13113
   13114
   13115
   13116
   13117
   13118
   13119
   13120
   13121
   13122
   13123
   13124
   13125
   13126
   13127
   13128
   13129
   13130
   13131
   13132
   13133
   13134
   13135
   13136
   13137
   13138
   13139
   13140
   13141
   13142
   13143
   13144
   13145
   13146
   13147
   13148
   13149
   13150
   13151
   13152
   13153
   13154
   13155
   13156
   13157
   13158
   13159
   13160
   13161
   13162
   13163
   13164
   13165
   13166
   13167
   13168
   13169
   13170
   13171
   13172
   13173
   13174
   13175
   13176
   13177
   13178
   13179
   13180
   13181
   13182
   13183
   13184
   13185
   13186
   13187
   13188
   13189
   13190
   13191
   13192
   13193
   13194
   13195
   13196
   13197
   13198
   13199
   13200
   13201
   13202
   13203
   13204
   13205
   13206
   13207
   13208
   13209
   13210
   13211
   13212
   13213
   13214
   13215
   13216
   13217
   13218
   13219
   13220
   13221
   13222
   13223
   13224
   13225
   13226
   13227
   13228
   13229
   13230
   13231
   13232
   13233
   13234
   13235
   13236
   13237
   13238
   13239
   13240
   13241
   13242
   13243
   13244
   13245
   13246
   13247
   13248
   13249
   13250
   13251
   13252
   13253
   13254
   13255
   13256
   13257
   13258
   13259
   13260
   13261
   13262
   13263
   13264
   13265
   13266
   13267
   13268
   13269
   13270
   13271
   13272
   13273
   13274
   13275
   13276
   13277
   13335
   13337
   13340
   13341
   13342
   13343
   13347
   13358
   13362
   13363
   13364
   13365
   13366
   13370
   13374
   13375
   13382
   13392
   13393
   13394
   13395
   13396
   13398
   13399
   13400
   13409
   13413
   13414
   13415
   13416
   13417
   13501
   13510
   13511
   13512
   13513
   13514
   13517
   13519
   13520
   13521
   13531
   13532
   13533
   13541
   13545
   13546
   13547
   13548
   13549
   13550
   13551
   13552
   13554
   13555
   13556
   13562
   13563
   13565
   13566
   13567
   13569
   13570
   13571
   13572
   13573
   13574
   13575
   13576
   13577
   13578
   13579
   13580
   13581
   13582
   13583
   13584
   13585
   13586
   13587
   13588
   13589
   13590
   13591
   13592
   13593
   13594
   13595
   13596
   13597
   13598
   13599
   13600
   13601
   13602
   13603
   13604
   13605
   13606
   13607
   13608
   13609
   13610
   13611
   13612
   13613
   13614
   13615
   13616
   13617
   13618
   13619
   13620
   13621
   13622
   13623
   13624
   13625
   13626
   13627
   13628
   13737
   13738
   13739
   13740
   13741
   13742
   13743
   13744
   13745
   13746
   13747
   13748
   13749
   13750
   13751
   13752
   13753
   13754
   13755
   13756
   13757
   13758
   13759
   13760
   13761
   13762
   13763
   13764
   13765
   13766
   13767
   13768
   13769
   13770
   13771
   13772
   13773
   13774
   13775
   13776
   13777
   13778
   13779
   13780
   13781
   13782
   13783
   13784
   13785
   13786
   13787
   13788
   13789
   13790
   13791
   13792
   13793
   13794
   13795
   13796
   13797
   13798
   13799
   13800
   13801
   13802
   13803
   13804
   13805
   13806
   13807
   13808
   13809
   13810
   13811
   13812
   13813
   13814
   13815
   13816
   13817
   13818
   13819
   13820
   13821
   13822
   13823
   13824
   13825
   13826
   13827
   13828
   13829
   13830
   13831
   13832
   13833
   13834
   13835
   13836
   13837
   13838
   13839
   13840
   13841
   13842
   13843
   13844
   13845
   13846
   13847
   13848
   13849
   13850
   13851
   13852
   13853
   13854
   13855
   13856
   13857
   13858
   13859
   13860
   13861
   13862
   13863
   13864
   13865
   13866
   13867
   13868
   13869
   13870
   13871
   13872
   13873
   13874
   13875
   13876
   13877
   13878
   13879
   13880
   13881
   13882
   13883
   13884
   13885
   13886
   13887
   13888
   13889
   13890
   13891
   13892
   13893
   13894
   13895
   13896
   13897
   13898
   13899
   13900
   13901
   13902
   13903
   13904
   13905
   13906
   13907
   13908
   13909
   13910
   13911
   13912
   13913
   13914
   13915
   13916
   13917
   13918
   13919
   13920
   13921
   13922
   13923
   13924
   13925
   13926
   13927
   13928
   13929
   13930
   13931
   13932
   13933
   13934
   13935
   13936
   13937
   13938
   13939
   13940
   13941
   13942
   13943
   13944
   13945
   13946
   13947
   13948
   13949
   13950
   13951
   13952
   13953
   13954
   13955
   13956
   13957
   13958
   13959
   13960
   13961
   13962
   13963
   13964
   13965
   13966
   13967
   13968
   13969
   13970
   13971
   13972
   13973
   13974
   13975
   13976
   13977
   13978
   13979
   13980
   13981
   13982
   13983
   13984
   13985
   13986
   13987
   13988
   13989
   13990
   13991
   13992
   13993
   13994
   13995
   13996
   13997
   13998
   13999
   14000
   14001
   14002
   14003
   14004
   14005
   14006
   14007
   14008
   14009
   14010
   14011
   14012
   14013
   14014
   14015
   14016
   14017
   14018
   14019
   14020
   14021
   14022
   14023
   14024
   14025
   14026
   14027
   14028
   14029
   14030
   14031
   14032
   14033
   14034
   14035
   14036
   14037
   14038
   14039
   14040
   14041
   14042
   14043
   14044
   14045
   14046
   14047
   14048
   14049
   14050
   14051
   14052
   14053
   14054
   14055
   14056
   14057
   14058
   14059
   14060
   14061
   14062
   14063
   14064
   14065
   14066
   14067
   14068
   14069
   14070
   14071
   14072
   14073
   14074
   14075
   14076
   14077
   14078
   14079
   14080
   14081
   14082
   14083
   14084
   14085
   14086
   14087
   14088
   14089
   14090
   14091
   14092
   14093
   14094
   14095
   14096
   14097
   14098
   14099
   14100
   14101
   14102
   14103
   14104
   14105
   14106
   14107
   14108
   14109
   14110
   14111
   14112
   14113
   14114
   14115
   14116
   14117
   14118
   14119
   14120
   14121
   14122
   14123
   14124
   14125
   14126
   14127
   14128
   14129
   14130
   14131
   14132
   14133
   14134
   14135
   14136
   14137
   14138
   14139
   14140
   14141
   14142
   14143
   14144
   14145
   14146
   14147
   14148
   14149
   14150
   14151
   14152
   14153
   14154
   14155
   14156
   14157
   14158
   14159
   14160
   14161
   14162
   14163
   14164
   14165
   14166
   14167
   14168
   14169
   14170
   14171
   14172
   14173
   14174
   14175
   14176
   14177
   14178
   14179
   14180
   14181
   14182
   14183
   14184
   14185
   14186
   14187
   14188
   14189
   14190
   14191
   14192
   14193
   14194
   14195
   14196
   14197
   14198
   14199
   14200
   14201
   14202
   14203
   14204
   14205
   14206
   14207
   14208
   14209
   14210
   14211
   14212
   14213
   14214
   14215
   14216
   14217
   14218
   14219
   14220
   14221
   14222
   14223
   14224
   14225
   14226
   14227
   14228
   14700
   14701
   14705
   14706
   14711
   14712
   14713
   14716
   14717
   14718
   14719
   14720
   14721
   14722
   14723
   14724
   14725
   14726
   14727
   14728
   14729
   14730
   14731
   14732
   14733
   14734
   14735
   14736
   14737
   14738
   14739
   14740
   14741
   14742
   14743
   14744
   14745
   14746
   14747
   14748
   14749
   14751
   14752
   14753
   14754
   14755
   14756
   14757
   14758
   14759
   14760
   14761
   14762
   14763
   14764
   14765
   14766
   14767
   14768
   14769
   14770
   14771
   14772
   14773
   14774
   14775
   14776
   14777
   14778
   14779
   14780
   14781
   14782
   14783
   14784
   14785
   14786
   14787
   14788
   14789
   14790
   14791
   14792
   14793
   14794
   14795
   14796
   14798
   14800
   14806
   14807
   14808
   14809
   14810
   14814
   14817
   14818
   14819
   14820
   14821
   14822
   14823
   14824
   14825
   14826
   14827
   14828
   14829
   14830
   14831
   14832
   14833
   14834
   14835
   14836
   14837
   14838
   14839
   14840
   14841
   14842
   14843
   14844
   14845
   14846
   14847
   14848
   14849
   14850
   14851
   14852
   14853
   14854
   14855
   14857
   14858
   14859
   14860
   14861
   14862
   14863
   14864
   14865
   14866
   14867
   14868
   14869
   14870
   14871
   14872
   14873
   14874
   14875
   14876
   14877
   14878
   14879
   14880
   14881
   14882
   14883
   14884
   14885
   14886
   14887
   14888
   14889
   14890
   14891
   14892
   14893
   14894
   14895
   14896
   14897
   14898
   14899
   14900
   14901
   14902
   14903
   14904
   14905
   14906
   14907
   14908
   14909
   14910
   14911
   14912
   14913
   14914
   14915
   14916
   14917
   14918
   14919
   14920
   14923
   14924
   14925
   14927
   14930
   14931
   14934
   14937
   14939
   14943
   14945
   14955
   14956
   14957
   14958
   14959
   14960
   14967
   14968
   14969
   14970
   14971
   14972
   14973
   14974
   14975
   14976
   14977
   14978
   14979
   14982
   14984
   14987
   14989
   14990
   14991
   14992
   14993
   14997
   14998
   14999
   15003
   15004
   15005
   15006
   15007
   15008
   15009
   15010
   15011
   15012
   15013
   15014
   15015
   15016
   15017
   15018
   15019
   15020
   15021
   15022
   15023
   15024
   15025
   15026
   15027
   15028
   15029
   15030
   15031
   15033
   15034
   15035
   15037
   15039
   15040
   15046
   15065
   15069
   15070
   15071
   15072
   15073
   15084
   15085
   15086
   15087
   15088
   15089
   15090
   15091
   15092
   15093
   15094
   15095
   15096
   15097
   15098
   15099
   15100
   15101
   15102
   15103
   15104
   15105
   15106
   15107
   15108
   15109
   15110
   15111
   15112
   15113
   15114
   15115
   15116
   15117
   15118
   15119
   15120
   15121
   15122
   15123
   15124
   15125
   15126
   15127
   15128
   15129
   15130
   15131
   15132
   15133
   15134
   15135
   15136
   15137
   15138
   15139
   15140
   15141
   15142
   15143
   15144
   15145
   15146
   15147
   15148
   15149
   20904
   20905
   20906
   20907
   20908
   20909
   20910
   20911
   20912
   20913
   20914
   20915
   20916
   20917
   20918
   20919
   20920
   20921
   20922
   20923
   20924
   20925
   20926
   20927
   20928
   20929
   20930
   20931
   20932
   20933
   20934
   20935
   20936
   20937
   20938
   20939
   20940
   20941
   20942
   20943
   20944
   20945
   20946
   20947
   20948
   20949
   20950
   20951
   20952
   20953
   20954
   20955
   20956
   20957
   20958
   20959
   20960
   20961
   20962
   20963
   20964
   20965
   20966
   20967
   20968
   20969
   20970
   20971
   20972
   20973
   20974
   20975
   20976
   20977
   20978
   20979
   20980
   20981
   20982
   20983
   20984
   20985
   20986
   20987
   20988
   20989
   20990
   20991
   20992
   20993
   20994
   20995
   20996
   20997
   20998
   20999
   21000
   21001
   21002
   21003
   21004
   21005
   21006
   21007
   21008
   21009
   21010
   21011
   21012
   21013
   21014
   21015
   21016
   21017
   21018
   21019
   21020
   21021
   21022
   21023
   21024
   21025
   21026
   21027
   21028
   21029
   21030
   21031
   21032
   21033
   21034
   21035
   21036
   21037
   21038
   21039
   21040
   21041
   21042
   21043
   21044
   21045
   21046
   21047
   21048
   21049
   21050
   21051
   21052
   21053
   21054
   21055
   21056
   21057
   21058
   21059
   21060
   21061
   21062
   21063
   21064
   21065
   21066
   21067
   21068
   21069
   21070
   21071
   21072
   21073
   21074
   21075
   21076
   21077
   21078
   21079
   21080
   21081
   21082
   21083
   21084
   21085
   21086
   21087
   21088
   21089
   21090
   21091
   21092
   21093
   21094
   21095
   21096
   21097
   21098
   21099
   21100
   21101
   21102
   21103
   21104
   21105
   21106
   21107
   21108
   21109
   21110
   21111
   21112
   21113
   21114
   21115
   21116
   21117
   21118
   21119
   21120
   21121
   21122
   21123
   21124
   21125
   21126
   21127
   21128
   21129
   21130
   21131
   21132
   21133
   21134
   21135
   21136
   21137
   21138
   21139
   21140
   21141
   21142
   21143
   21144
   21145
   21146
   21147
   21148
   21149
   21150
   21151
   21152
   21153
   21154
   21155
   21156
   21157
   21158
   21159
   21160
   21161
   21162
   21163
   21164
   21165
   21166
   21167
   21168
   21169
   21170
   21171
   21172
   21173
   22464
   22465
   22466
   22467
   22468
   22469
   22470
   22471
   22472
   22473
   22474
   22475
   22476
   22477
   22478
   22479
   22480
   22481
   22482
   22483
   22484
   22485
   22486
   22487
   22488
   22489
   22490
   22491
   22492
   22493
   22494
   22495
   22496
   22497
   22498
   22499
   22500
   22501
   22502
   22503
   22504
   22505
   22506
   22507
   22508
   22509
   22510
   22511
   22512
   22513
   22514
   22515
   22516
   22517
   22518
   22519
   22520
   22521
   22522
   22523
   22524
   22525
   22526
   22527
   22528
   22529
   22530
   22531
   22532
   22533
   22534
   22535
   22536
   22537
   22538
   22539
   22540
   22541
   22542
   22543
   22544
   22545
   22546
   22547
   22548
   22549
   22550
   22551
   22552
   22553
   22554
   22555
   22556
   22557
   22558
   22559
   22560
   22561
   22562
   22563
   22564
   22565
   22566
   22567
   22568
   22569
   22570
   22571
   22572
   22573
   22574
   22575
   22576
   22577
   22578
   22579
   22580
   22581
   22582
   22583
   22584
   22585
   22586
   22587
   22588
   22589
   22590
   22591
   22592
   22593
   22594
   22595
   22596
   22597
   22598
   22599
   22600
   22601
   22602
   22603
   22604
   22605
   22606
   22607
   22608
   22609
   22610
   22611
   22612
   22613
   22614
   22615
   22616
   22617
   22618
   22619
   22620
   22621
   22622
   22623
   22624
   22625
   22626
   22627
   22628
   22629
   22630
   22631
   22632
   22633
   22634
   22635
   22636
   22637
   22638
   22639
   22640
   22641
   22642
   22643
   22644
   22645
   22646
   22647
   22648
   22649
   22650
   22651
   22652
   22653
   22654
   22655
   22656
   22657
   22658
   22659
   22660
   22661
   22662
   22663
   22664
   22665
   22666
   22667
   22668
   22669
   22670
   22671
   22672
   22673
   22674
   22675
   22676
   22677
   22678
   22679
   22680
   22681
   22682
   22683
   22684
   22685
   22686
   22687
   22688
   22689
   22690
   22691
   22692
   22693
   22694
   22695
   22696
   22697
   22698
   22699
   22700
   22701
   22702
   22703
   22704
   22705
   22706
   22707
   22708
   22709
   22710
   22711
   22712
   22713
   22714
   22715
   22716
   22717
   22718
   22719
   22720
   22721
   22722
   22723
   22724
   22725
   22726
   22727
   22728
   22729
   22730
   22731
   22732
   22733
   22734
   22735
   22736
   22737
   22738
   22739
   22740
   22741
   22742
   22743
   22744
   22745
   22746
   22747
   22748
   22749
   22750
   22751
   22752
   22753
   22754
   22755
   22756
   22757
   22758
   22759
   22760
   22761
   22762
   22763
   22764
   22765
   22766
   22767
   22768
   22769
   22770
   22771
   22772
   22773
   22774
   22775
   22776
   22777
   22778
   22779
   22780
   22781
   22782
   22783
   22784
   22785
   22786
   22787
   22788
   22789
   22790
   22791
   22792
   22793
   22794
   22795
   22796
   22797
   22798
   22799
   22800
   22801
   22802
   22803
   22804
   22805
   22806
   22807
   22808
   22809
   22810
   22811
   22812
   22813
   22814
   22815
   22816
   22817
   22818
   22819
   22820
   22821
   22822
   22823
   22824
   22825
   22826
   22827
   22828
   22829
   22830
   22831
   22832
   22833
   22834
   22835
   22836
   22837
   22838
   22839
   22840
   22841
   22842
   22843
   22844
   22845
   22846
   22847
   22848
   22849
   22850
   22851
   22852
   22853
   22854
   22855
   22856
   22857
   22858
   22859
   22860
   22861
   22862
   22863
   22864
   22865
   22866
   22867
   22868
   22869
   22870
   22871
   22872
   22873
   22874
   22875
   22876
   22877
   22878
   22879
   22880
   22881
   22882
   22883
   22884
   22885
   22886
   22887
   22888
   22889
   22890
   22891
   22892
   22893
   22894
   22895
   22896
   22897
   22898
   22899
   22900
   22901
   22902
   22903
   22904
   22905
   22906
   22907
   22908
   22909
   22910
   22911
   22912
   22913
   22914
   22915
   22916
   22917
   22918
   22919
   22920
   22921
   22922
   22923
   22924
   22925
   22926
   22927
   22928
   22929
   22930
   22931
   22932
   22933
   22934
   22935
   22936
   22937
   22938
   22939
   22940
   22941
   22942
   22943
   22944
   22945
   22946
   22947
   22948
   22949
   22950
   22951
   22952
   22953
   22954
   22955
   22956
   22957
   22958
   22959
   22960
   22961
   22962
   22963
   22964
   22965
   22966
   22967
   22968
   22969
   22970
   22971
   22972
   22973
   22974
   22975
   22976
   22977
   22978
   22979
   22980
   22981
   22982
   22983
   22984
   22985
   22986
   22987
   22988
   22989
   22990
   22991
   22992
   22993
   22994
   22995
   22996
   22997
   22998
   22999
   23000
   23001
   23002
   23003
   23004
   23005
   23006
   23007
   23008
   23009
   23010
   23011
   23012
   23013
   23014
   23015
   23016
   23017
   23018
   23019
   23020
   23021
   23022
   23023
   23024
   23025
   23026
   23027
   23028
   23029
   23030
   23031
   23032
   23033
   23034
   23035
   23036
   23037
   23038
   23039
   23040
   23041
   23042
   23043
   23044
   23045
   23046
   23047
   23048
   23049
   23050
   23051
   23052
   23053
   23054
   23055
   23056
   23057
   23058
   23059
   23060
   23061
   23062
   23063
   23064
   23065
   23066
   23067
   23068
   23069
   23070
   23071
   23072
   23073
   23074
   23075
   23076
   23077
   23078
   23079
   23080
   23081
   23082
   23083
   23084
   23085
   23086
   23087
   23088
   23089
   23090
   23091
   23092
   23093
   23094
   23095
   23096
   23097
   23098
   23099
   23100
   23101
   23102
   23103
   23104
   23105
   23106
   23107
   23108
   23109
   23110
   23111
   23112
   23113
   23114
   23115
   23116
   23117
   23118
   23119
   23120
   23121
   23122
   23123
   23124
   23125
   23126
   23127
   23128
   23129
   23130
   23131
   23132
   23133
   23134
   23135
   23136
   23137
   23138
   23139
   23140
   23141
   23142
   23143
   23144
   23145
   23146
   23147
   23148
   23149
   23150
   23151
   23152
   23153
   23154
   23155
   23156
   23157
   23158
   23159
   23160
   23161
   23162
   23163
   23164
   23165
   23166
   23167
   23168
   23169
   23170
   23171
   23172
   23173
   23174
   23175
   23176
   23177
   23178
   23179
   23180
   23181
   23182
   23183
   23184
   23185
   23186
   23187
   23188
   23189
   23190
   23191
   23192
   23193
   23194
   23195
   23196
   23197
   23198
   23199
   23200
   23201
   23202
   23203
   23204
   23205
   23206
   23207
   23208
   23209
   23210
   23211
   23212
   23213
   23214
   23215
   23216
   23217
   23218
   23219
   23220
   23221
   23222
   23223
   23224
   23225
   23226
   23227
   23228
   23229
   23230
   23231
   23232
   23233
   23234
   23235
   23236
   23237
   23238
   23239
   23240
   23241
   23242
   23243
   23244
   23245
   23246
   23247
   23248
   23249
   23250
   23251
   23252
   23253
   23254
   23255
   23256
   23257
   23258
   23259
   23260
   23261
   23262
   23263
   23264
   23265
   23266
   23267
   23268
   23269
   23270
   23271
   23272
   23273
   23274
   23275
   23276
   23277
   23278
   23279
   23280
   23281
   23282
   23283
   23284
   23285
   23286
   23287
   23288
   23289
   23290
   23291
   23292
   23293
   23294
   23295
   23296
   23297
   23298
   23299
   23300
   23301
   23302
   23303
   23304
   23305
   23306
   23307
   23308
   23309
   23310
   23311
   23312
   23313
   23314
   23315
   23316
   23317
   23318
   23319
   23320
   23321
   23322
   23323
   23324
   23325
   23326
   23327
   23328
   23329
   23330
   23331
   23332
   23333
   23334
   23335
   23336
   23337
   23338
   23339
   23340
   23341
   23342
   23343
   23344
   23345
   23346
   23347
   23348
   23349
   23350
   23351
   23352
   23353
   23354
   23355
   23356
   23357
   23358
   23359
   23360
   23361
   23362
   23363
   23364
   23365
   23366
   23367
   23368
   23369
   23370
   23371
   23372
   23373
   23374
   23375
   23376
   23377
   23378
   23379
   23380
   23381
   23382
   23383
   23384
   23385
   23386
   23387
   23388
   23389
   23390
   23391
   23392
   23393
   23394
   23395
   23396
   23397
   23398
   23399
   23400
   23401
   23402
   23403
   23404
   23405
   23406
   23407
   23408
   23409
   23410
   23411
   23412
   23413
   23414
   23415
   23416
   23417
   23418
   23419
   23420
   23421
   23422
   23423
   23424
   23425
   23426
   23427
   23428
   23429
   23430
   23431
   23432
   23433
   23434
   23435
   23436
   23437
   23438
   23439
   23440
   23441
   23442
   23443
   23444
   23445
   23446
   23447
   23448
   23449
   23450
   23451
   23452
   23453
   23454
   23455
   23456
   23457
   23458
   23459
   23460
   23461
   23462
   23463
   23464
   23465
   23466
   23467
   23468
   23469
   23470
   23471
   23472
   23473
   23474
   23475
   23476
   23477
   23478
   23479
   23480
   23481
   23482
   23483
   26274
   26275
   26276
   26277
   26278
   26279
   26280
   26281
   26282
   26283
   26284
   26285
   26286
   26287
   26288
   26289
   26290
   26291
   26292
   26293
   26294
   26295
   26296
   26297
   26298
   26299
   26300
   26301
   26302
   26303
   26304
   26305
   26306
   26307
   26308
   26309
   26310
   26311
   26312
   26313
   26314
   26315
   26316
   26317
   26318
   26319
   26320
   26321
   26322
   26323
   26324
   26325
   26326
   26327
   26328
   26329
   26330
   26331
   26332
   26333
   26334
   26335
   26336
   26337
   26338
   26339
   26340
   26341
   26342
   26343
   26344
   26345
   26346
   26347
   26348
   26349
   26350
   26351
   26352
   26353
   26354
   26355
   26356
   26357
   26358
   26359
   26360
   26361
   26362
   26363
   26364
   26365
   26366
   26367
   26368
   26369
   26370
   26371
   26372
   26373
   26374
   26375
   26376
   26377
   26378
   26379
   26380
   26381
   26382
   26383
   26384
   26385
   26386
   26387
   26388
   26389
   26390
   26391
   26392
   26393
   26394
   26395
   26396
   26397
   26398
   26399
   26400
   26401
   26402
   26403
   26404
   26405
   26406
   26407
   26408
   26409
   26410
   26411
   26412
   26413
   26414
   26415
   26416
   26417
   26418
   26419
   26420
   26421
   26422
   26423
   26424
   26425
   26426
   26427
   26428
   26429
   26430
   26431
   26432
   26433
   26434
   26435
   26436
   26437
   26438
   26439
   26440
   26441
   26442
   26443
   26444
   26445
   26446
   26447
   26448
   26449
   26450
   26451
   26452
   26453
   26454
   26455
   26456
   26457
   26458
   26459
   26460
   26461
   26462
   26463
   26464
   26465
   26466
   26467
   26468
   26469
   26470
   26471
   26472
   26473
   26474
   26475
   26476
   26477
   26478
   26479
   26480
   26481
   26482
   26483
   26484
   26485
   26486
   26487
   26488
   26489
   26490
   26491
   26492
   26493
   26494
   26495
   26496
   26497
   26498
   26499
   26500
   26501
   26502
   26503
   26504
   26505
   26506
   26507
   26508
   26509
   26510
   26511
   26512
   26513
   26514
   26515
   26516
   26517
   26518
   26519
   26520
   26521
   26522
   26523
   26524
   26525
   26526
   26527
   26528
   26529
   26530
   26531
   26532
   26533
   26534
   26535
   26536
   26537
   26538
   26539
   26540
   26541
   26542
   26543
   26571
   26572
   26573
   26574
   26575
   26576
   26667
   26668
   26669
   26670
   26671
   26672
   26673
   26675
   26676
   26677
   26685
   26689
   26690
   26691
   26693
   26696
   26697
   26698
   26699
   26700
   26701
   26702
   26703
   26704
   26705
   26706
   26707
   26708
   26709
   26710
   26711
   26712
   26713
   26714
   26715
   26716
   26717
   26718
   26719
   26720
   26721
   26722
   26723
   26724
   26725
   26726
   26727
   26728
   26729
   26730
   26731
   26732
   26733
   26734
   26735
   26736
   26737
   26738
   26739
   26740
   26741
   26742
   26743
   26744
   26745
   26746
   26747
   26748
   26749
   26750
   26751
   26752
   26753
   26754
   26755
   26756
   26757
   26758
   26759
   26760
   26761
   26762
   26763
   26764
   26765
   26766
   26767
   26768
   26769
   26770
   26771
   26772
   26773
   26774
   26775
   26776
   26777
   26778
   26779
   26780
   26781
   26782
   26783
   26784
   26785
   26786
   26787
   26788
   26789
   26790
   26791
   26792
   26793
   26794
   26795
   26796
   26797
   26798
   26799
   26800
   26801
   26802
   26803
   26804
   26805
   26806
   26807
   26808
   26809
   26810
   26811
   26812
   26813
   26814
   26815
   26816
   26817
   26818
   26819
   27069
   27070
   27071
   27072
   27073
   27074
   27075
   27076
   27077
   27078
   27079
   27080
   27081
   27082
   27083
   27084
   27085
   27086
   27087
   27088
   27089
   27090
   27091
   27092
   27093
   27094
   27095
   27096
   27097
   27098
   27099
   27100
   27101
   27102
   27103
   27104
   27105
   27106
   27107
   27108
   27109
   27110
   27111
   27112
   27113
   27114
   27115
   27116
   27117
   27118
   27119
   27120
   27121
   27122
   27123
   27124
   27125
   27126
   27127
   27128
   27129
   27130
   27131
   27132
   27133
   27134
   27135
   27136
   27137
   27138
   27139
   27140
   27141
   27142
   27143
   27144
   27145
   27146
   27147
   27148
   27149
   27150
   27151
   27152
   27153
   27154
   27155
   27156
   27157
   27158
   27159
   27160
   27161
   27162
   27163
   27164
   27165
   27166
   27167
   27168
   27169
   27170
   27171
   27172
   27173
   27174
   27175
   27176
   27177
   27178
   27179
   27180
   27181
   27182
   27183
   27184
   27185
   27186
   27187
   27188
   27189
   27190
   27191
   27192
   27193
   27194
   27195
   27196
   27197
   27198
   27199
   27200
   27201
   27202
   27203
   27204
   27205
   27206
   27207
   27208
   27209
   27210
   27211
   27212
   27213
   27214
   27215
   27216
   27217
   27218
   27219
   27220
   27221
   27222
   27223
   27224
   27225
   27226
   27227
   27228
   27229
   27230
   27231
   27232
   27233
   27234
   27235
   27236
   27237
   27238
   27239
   27240
   27241
   27242
   27243
   27244
   27245
   27246
   27247
   27248
   27249
   27250
   27251
   27252
   27253
   27254
   27255
   27256
   27257
   27258
   27259
   27260
   27261
   27262
   27263
   27264
   27265
   27266
   27267
   27268
   27269
   27270
   27271
   27272
   27273
   27274
   27275
   27276
   27277
   27278
   27279
   27280
   27281
   27282
   27283
   27284
   27285
   27286
   27287
   27288
   27289
   27290
   27291
   27292
   27293
   27294
   27295
   27296
   27297
   27298
   27299
   27300
   27301
   27302
   27303
   27304
   27305
   27306
   27307
   27308
   27309
   27310
   27311
   27312
   27313
   27314
   27315
   27316
   27317
   27318
   27319
   27320
   27321
   27322
   27323
   27324
   27325
   27326
   27327
   27328
   27329
   27330
   27331
   27332
   27333
   27334
   27335
   27336
   27337
   27338
   27339
   27340
   27341
   27342
   27343
   27344
   27345
   27346
   27347
   27348
   27349
   27350
   27351
   27352
   27353
   27354
   27355
   27356
   27357
   27358
   27359
   27360
   27361
   27362
   27363
   27364
   27365
   27366
   27367
   27368
   27369
   27370
   27371
   27372
   27373
   27374
   27375
   27376
   27377
   27378
   27379
   27380
   27381
   27382
   27383
   27384
   27385
   27386
   27387
   27388
   27389
   27390
   27391
   27392
   27393
   27394
   27395
   27396
   27397
   27398
   27399
   27400
   27401
   27402
   27403
   27404
   27405
   27406
   27407
   27408
   27409
   27410
   27411
   27412
   27413
   27414
   27415
   27416
   27417
   27418
   27419
   27420
   27421
   27422
   28563
   28564
   28565
   28566
   28567
   28568
   28569
   28570
   28571
   28572
   28573
   28574
   28575
   28576
   28579
   28580
   28581
   28582
   28586
   28674
   28675
   28676
   28677
   28678
   28679
   28680
   28681
   28682
   28683
   28684
   28685
   28686
   28687
   28688
   28689
   28690
   28691
   28692
   28693
   28694
   28695
   28696
   28697
   28698
   28699
   28700
   28701
   28702
   28703
   28704
   28705
   28706
   28707
   28708
   28709
   28710
   28711
   28712
   28713
   28714
   28715
   28716
   28717
   28718
   28719
   28720
   28721
   28722
   28723
   28724
   28725
   28726
   28727
   28728
   28729
   28730
   28731
   28732
   28733
   28734
   28735
   28736
   28737
   28738
   28739
   28740
   28741
   28742
   28743
   28744
   28745
   28746
   28747
   28748
   28749
   28750
   28751
   28752
   28753
   28754
   28755
   28756
   28757
   28758
   28759
   28760
   28761
   28762
   28763
   28764
   28765
   28766
   28767
   28768
   28769
   28770
   28771
   28772
   28773
   28774
   28775
   28776
   28777
   28778
   28779
   28780
   28781
   28782
   28783
   28784
   28785
   28786
   28787
   28788
   28789
   28790
   28791
   28792
   28793
   28794
   28795
   28796
   28797
   28798
   28799
   28800
   28801
   28802
   28803
   28804
   28805
   28806
   28807
   28808
   28809
   28810
   28811
   28812
   28813
   28814
   28815
   28816
   28817
   28818
   28819
   28820
   28821
   28822
   28823
   28824
   28825
   28826
   28827
   28828
   28829
   28830
   28831
   28832
   28833
   28834
   28835
   28836
   28837
   28838
   28839
   28840
   28841
   28842
   28843
   28844
   28845
   28846
   28847
   28848
   28849
   28850
   28851
   28852
   28853
   28854
   28855
   28856
   28857
   28858
   28859
   28860
   28861
   28862
   28863
   28864
   28865
   28866
   28867
   28868
   28869
   28870
   28871
   28872
   28873
   28874
   28875
   28876
   28877
   28878
   28879
   28880
   28881
   28882
   28883
   28884
   28885
   28886
   28887
   28888
   28889
   28890
   28891
   28892
   28893
   28894
   28895
   28896
   28897
   28898
   28899
   28900
   28901
   28902
   28903
   28904
   28905
   28906
   28907
   28908
   28909
   28910
   28911
   28912
   28913
   28914
   28915
   28916
   28917
   28918
   28919
   28920
   28921
   28922
   28923
   28924
   28925
   28926
   28927
   28928
   28929
   28930
   28931
   28932
   28933
   28934
   28935
   28936
   28937
   28938
   28939
   28940
   28941
   28942
   28943
   28944
   28945
   28946
   28947
   28948
   28949
   28950
   28951
   28952
   28953
   28954
   28955
   28956
   28957
   28958
   28959
   28960
   28961
   28962
   28963
   28964
   28965
   28966
   28967
   28968
   28969
   28970
   28971
   28972
   28973
   28974
   28975
   28976
   28977
   28978
   28979
   28980
   28981
   28982
   28983
   28984
   28985
   28986
   28987
   28988
   28989
   28990
   28991
   28992
   28993
   28994
   28995
   28996
   28997
   28998
   28999
   29000
   29001
   29002
   29003
   29004
   29005
   29006
   29007
   29008
   29009
   29010
   29011
   29012
   29013
   29014
   29015
   29016
   29017
   29018
   29019
   29020
   29021
   29022
   29023
   29024
   29025
   29026
   29027
   29028
   29029
   29030
   29031
   29032
   29033
   29034
   29035
   29036
   29037
   29038
   29039
   29040
   29041
   29042
   29043
   29044
   29045
   29046
   29047
   29048
   29049
   29050
   29051
   29052
   29053
   29054
   29055
   29056
   29057
   29058
   29059
   29060
   29061
   29062
   29063
   29064
   29065
   29066
   29067
   29068
   29069
   29070
   29071
   29072
   29073
   29074
   29075
   29076
   29077
   29078
   29079
   29080
   29081
   29082
   29083
   29084
   29085
   29086
   29087
   29088
   29089
   29090
   29091
   29092
   29093
   29094
   29095
   29096
   29097
   29098
   29099
   29100
   29101
   29102
   29103
   29104
   29105
   29106
   29107
   29108
   29109
   29110
   29111
   29112
   29113
   29114
   29115
   29116
   29117
   29118
   29119
   29120
   29121
   29122
   29123
   29124
   29125
   29126
   29127
   29128
   29129
   29130
   29131
   29132
   29133
   29134
   29135
   29136
   29137
   29138
   29139
   29140
   29141
   29142
   29143
   29144
   29145
   29146
   29147
   29148
   29149
   29150
   29151
   29152
   29153
   29154
   29155
   29156
   29157
   29158
   29159
   29160
   29161
   29162
   29163
   29164
   29165
   29166
   29167
   29168
   29169
   29170
   29171
   29172
   29173
   29174
   29175
   29176
   29177
   29178
   29179
   29180
   29181
   29182
   29183
   29184
   29185
   29186
   29187
   29188
   29189
   29190
   29191
   29192
   29193
   29194
   29195
   29196
   29197
   29198
   29199
   29200
   29201
   29202
   29203
   29204
   29205
   29206
   29207
   29208
   29209
   29210
   29211
   29212
   29213
   29214
   29215
   29216
   29217
   29218
   29219
   29222
   29231
   29232
   29236
   29237
   29238
   29241
   29242
   29244
   29245
   29246
   29247
   29248
   29249
   29250
   29251
   29252
   29253
   29254
   29255
   29256
   29257
   29258
   29259
   29260
   29261
   29262
   29263
   29264
   29265
   29266
   29267
   29268
   29269
   29270
   29271
   29272
   29273
   29274
   29275
   29276
   29277
   29278
   29279
   29280
   29281
   29282
   29283
   29284
   29285
   29286
   29287
   29288
   29289
   29290
   29291
   29292
   29293
   29294
   29295
   29296
   29297
   29298
   29299
   29300
   29301
   29302
   29303
   29304
   29305
   29306
   29307
   29308
   29309
   29310
   29311
   29312
   29313
   29314
   29315
   29316
   29317
   29318
   29319
   29320
   29321
   29322
   29323
   29324
   29325
   29326
   29327
   29328
   29329
   29330
   29331
   29332
   29333
   29334
   29335
   29336
   29337
   29338
   29339
   29340
   29341
   29342
   29343
   29344
   29345
   29346
   29347
   29348
   29349
   29350
   29351
   29352
   29353
   29354
   29355
   29356
   29357
   29358
   29359
   29360
   29361
   29362
   29363
   29364
   29365
   29366
   29367
   29368
   29369
   29370
   29371
   29372
   29373
   29374
   29375
   29376
   29377
   29378
   29422
   29424
   29425
   29426
   29427
   29428
   29429
   29430
   29431
   29432
   29474
   29475
   29478
   29482
   29483
   29484
   29485
   29486
   29487
   29488
   29489
   29490
   29491
   29492
   29493
   29494
   29495
   29496
   29497
   29498
   29499
   29500
   29501
   29502
   29503
   29504
   29505
   29506
   29507
   29508
   29509
   29510
   29511
   29512
   29513
   29514
   29515
   29516
   29712
   29713
   29714
   29715
   29716
   29717
   29718
   29719
   29720
   29721
   29722
   29723
   29724
   29725
   29726
   29727
   29728
   29729
   29730
   29731
   29732
   29733
   29734
   29735
   29736
   29737
   29738
   29739
   29740
   29741
   29742
   29743
   29744
   29745
   29746
   29747
   29748
   29749
   29750
   29751
   29752
   29753
   29754
   29755
   29756
   29757
   29758
   29759
   29760
   29761
   29762
   29763
   29764
   29765
   29766
   29767
   29768
   29769
   29770
   29771
   29772
   29773
   29774
   29775
   29776
   29777
   29778
   29779
   29780
   29781
   29782
   29783
   29784
   29785
   29786
   29787
   29788
   29789
   29790
   29791
   29792
   29793
   29794
   29795
   29796
   29797
   29798
   29799
   29800
   29801
   29802
   29803
   29804
   29805
   29806
   29807
   29808
   29809
   29810
   29811
   29812
   29813
   29814
   29815
   29816
   29817
   29818
   29819
   29820
   29821
   29822
   29823
   29824
   29825
   29826
   29827
   29828
   29829
   29830
   29831
   29832
   29833
   29834
   29835
   29836
   29837
   29838
   29839
   29840
   29957
   29958
   29959
   29960
   29961
   29962
   29963
   29964
   29965
   29966
   29967
   29968
   29969
   29970
   29971
   29972
   29973
   29974
   29975
   29976
   29977
   29978
   29979
   29980
   29981
   29982
   29983
   29984
   29985
   29986
   29987
   29988
   29989
   29990
   29991
   29992
   29993
   29994
   29995
   29996
   29998
   29999
   30000
   30003
   30007
   30008
   30011
   30012
   30013
   30017
   30020
   30021
   30035
   30039
   30040
   30042
   30043
   30044
   30045
   30046
   30047
   30048
   30049
   30050
   30051
   30052
   30053
   30054
   30055
   30056
   30057
   30058
   30059
   30060
   30061
   30062
   30063
   30064
   30065
   30066
   30067
   30068
   30069
   30070
   30071
   30072
   30073
   30074
   30075
   30076
   30077
   30078
   30079
   30080
   30081
   30082
   30083
   30084
   30085
   30086
   30087
   30088
   30089
   30090
   30091
   30092
   30093
   30094
   30095
   30096
   30097
   30098
