 0.057170
 0.027800
 0.057170
 0.105598
 0.118952
 0.123370
 0.319446
 0.321443
 0.322066
 0.322066
 0.321027
 0.319446
 0.322066
 0.322952
 0.322509
 0.322509
 0.321027
 0.322066
 0.322509
 0.322952
 0.323229
 0.319446
 0.321027
 0.320125
 0.320125
 0.316186
 0.319446
 0.321027
 0.322509
 0.322209
 0.322209
 0.320125
 0.321027
 0.316186
 0.320125
 0.320133
 0.320133
 0.320125
 0.322209
 0.320133
 0.317274
 0.316186
 0.321395
 0.317274
 0.320133
 0.320133
 0.321353
 0.321395
 0.321353
 0.320133
 0.322218
 0.322209
 0.322218
 0.320133
 0.321989
 0.321353
 0.322535
 0.322218
 0.322535
 0.321353
 0.322535
 0.322931
 0.321989
 0.323154
 0.322931
 0.322535
 0.323012
 0.322535
 0.322218
 0.322535
 0.323012
 0.323154
 0.322686
 0.322218
 0.322209
 0.322218
 0.322686
 0.323012
 0.323154
 0.323012
 0.324052
 0.323807
 0.324052
 0.323012
 0.323012
 0.322686
 0.323807
 0.324522
 0.324052
 0.323807
 0.323807
 0.324267
 0.324522
 0.326151
 0.325589
 0.326697
 0.325287
 0.325589
 0.324522
 0.324522
 0.324267
 0.325287
 0.326386
 0.326697
 0.325589
 0.325589
 0.325287
 0.326386
 0.326697
 0.326386
 0.327572
 0.327572
 0.327889
 0.326697
 0.326386
 0.325287
 0.325397
 0.325397
 0.325287
 0.324267
 0.327572
 0.326386
 0.326553
 0.325397
 0.326553
 0.326386
 0.327889
 0.327572
 0.328768
 0.328768
 0.329063
 0.327889
 0.329572
 0.329063
 0.330199
 0.330199
 0.330636
 0.329572
 0.329063
 0.328768
 0.329935
 0.329935
 0.330199
 0.329063
 0.328768
 0.327572
 0.327695
 0.326553
 0.327695
 0.327572
 0.329935
 0.328768
 0.328875
 0.327695
 0.328875
 0.328768
 0.330636
 0.330199
 0.331332
 0.331332
 0.331674
 0.330636
 0.330199
 0.329935
 0.331137
 0.331137
 0.331332
 0.330199
 0.331674
 0.331332
 0.332504
 0.332504
 0.332733
 0.331674
 0.331332
 0.331137
 0.332400
 0.332400
 0.332504
 0.331332
 0.331137
 0.329935
 0.330029
 0.328875
 0.330029
 0.329935
 0.332400
 0.331137
 0.331222
 0.330029
 0.331222
 0.331137
 0.332733
 0.332504
 0.333728
 0.333728
 0.333852
 0.332733
 0.332504
 0.332400
 0.333700
 0.333700
 0.333728
 0.332504
 0.333852
 0.333728
 0.334953
 0.334953
 0.333728
 0.333700
 0.333700
 0.332400
 0.332471
 0.331222
 0.332471
 0.332400
 0.333700
 0.334965
 0.334953
 0.336170
 0.334953
 0.334965
 0.334965
 0.336198
 0.336170
 0.337376
 0.336170
 0.336198
 0.334965
 0.333700
 0.333755
 0.332471
 0.333755
 0.333700
 0.333755
 0.334995
 0.334965
 0.336198
 0.334965
 0.334995
 0.338571
 0.337376
 0.337408
 0.336198
 0.337408
 0.337376
 0.339764
 0.338571
 0.338594
 0.337408
 0.338594
 0.338571
 0.339764
 0.340951
 0.340875
 0.338594
 0.339769
 0.339764
 0.340937
 0.340951
 0.339764
 0.339764
 0.339769
 0.340937
 0.342078
 0.342110
 0.340951
 0.340951
 0.340937
 0.342078
 0.342110
 0.342078
 0.343218
 0.343218
 0.343262
 0.342110
 0.342017
 0.342078
 0.340937
 0.342078
 0.342017
 0.343169
 0.343169
 0.343218
 0.342078
 0.343262
 0.343218
 0.344361
 0.344361
 0.344416
 0.343262
 0.343218
 0.343169
 0.344325
 0.344325
 0.344361
 0.343218
 0.344416
 0.344361
 0.345510
 0.345510
 0.345567
 0.344416
 0.344361
 0.344325
 0.345488
 0.345488
 0.345510
 0.344361
 0.345586
 0.345567
 0.346737
 0.345567
 0.345510
 0.346680
 0.346680
 0.346737
 0.345567
 0.346737
 0.346680
 0.347855
 0.347855
 0.347916
 0.346737
 0.346671
 0.346680
 0.345510
 0.347855
 0.346680
 0.346671
 0.345510
 0.345488
 0.346671
 0.347965
 0.347916
 0.349083
 0.347916
 0.347855
 0.349023
 0.349023
 0.349083
 0.347916
 0.349083
 0.349023
 0.350181
 0.350181
 0.350241
 0.349083
 0.349023
 0.347855
 0.347856
 0.346671
 0.347856
 0.347855
 0.350181
 0.349023
 0.349030
 0.347856
 0.349030
 0.349023
 0.350241
 0.350181
 0.351356
 0.351356
 0.351410
 0.350241
 0.351474
 0.351410
 0.352603
 0.351410
 0.351356
 0.352553
 0.352553
 0.352603
 0.351410
 0.351356
 0.350181
 0.350195
 0.349030
 0.350195
 0.350181
 0.352553
 0.351356
 0.351372
 0.350195
 0.351372
 0.351356
 0.352603
 0.352553
 0.353779
 0.353779
 0.353823
 0.352603
 0.353823
 0.353779
 0.355016
 0.355016
 0.355053
 0.353823
 0.353779
 0.352553
 0.352569
 0.351372
 0.352569
 0.352553
 0.355016
 0.353779
 0.353795
 0.352569
 0.353795
 0.353779
 0.355053
 0.355016
 0.356262
 0.356262
 0.356280
 0.355053
 0.358725
 0.357501
 0.357511
 0.357519
 0.357511
 0.356280
 0.356280
 0.356262
 0.357519
 0.357511
 0.358761
 0.358725
 0.358761
 0.357511
 0.357519
 0.356262
 0.355016
 0.355033
 0.353795
 0.355033
 0.355016
 0.360048
 0.358761
 0.358797
 0.357519
 0.358797
 0.358761
 0.358797
 0.360118
 0.360048
 0.361363
 0.360048
 0.360118
 0.360118
 0.361479
 0.361363
 0.362676
 0.361363
 0.361479
 0.362676
 0.363972
 0.363739
 0.365011
 0.363739
 0.363972
 0.361479
 0.362860
 0.362676
 0.363972
 0.362676
 0.362860
 0.363972
 0.365270
 0.365011
 0.366301
 0.365011
 0.365270
 0.362860
 0.364231
 0.363972
 0.365270
 0.363972
 0.364231
 0.365270
 0.366625
 0.366301
 0.367591
 0.366301
 0.366625
 0.364231
 0.365602
 0.365270
 0.366625
 0.365270
 0.365602
 0.366625
 0.367974
 0.367591
 0.368932
 0.367591
 0.367974
 0.365602
 0.366998
 0.366625
 0.367974
 0.366625
 0.366998
 0.367974
 0.369325
 0.368932
 0.370305
 0.368932
 0.369325
 0.366998
 0.368427
 0.367974
 0.369325
 0.367974
 0.368427
 0.369325
 0.370667
 0.370305
 0.368427
 0.369818
 0.369325
 0.370667
 0.369325
 0.369818
 0.369818
 0.371121
 0.370667
 0.371981
 0.370667
 0.371121
 0.369818
 0.368427
 0.368517
 0.371981
 0.373459
 0.372885
 0.371121
 0.369818
 0.369869
 0.368517
 0.369869
 0.369818
 0.371121
 0.372395
 0.371981
 0.373459
 0.371981
 0.372395
 0.369869
 0.371189
 0.371121
 0.372395
 0.371121
 0.371189
 0.372885
 0.373459
 0.375016
 0.372395
 0.373730
 0.373459
 0.375016
 0.373459
 0.373730
 0.375241
 0.377174
 0.380203
 0.377174
 0.375016
 0.375036
 0.373730
 0.375036
 0.375016
 0.380203
 0.377174
 0.376927
 0.375036
 0.376927
 0.377174
 0.376927
 0.380122
 0.380203
 0.375036
 0.373730
 0.373495
 0.380122
 0.376927
 0.375209
 0.375209
 0.375082
 0.380122
 0.376927
 0.375036
 0.374435
 0.374435
 0.375209
 0.376927
 0.373495
 0.374435
 0.375036
 0.375082
 0.375209
 0.374020
 0.374020
 0.373275
 0.375082
 0.375209
 0.374435
 0.373776
 0.373776
 0.374020
 0.375209
 0.374435
 0.373495
 0.373115
 0.373115
 0.373776
 0.374435
 0.372318
 0.373495
 0.373730
 0.373115
 0.373495
 0.372318
 0.373730
 0.372395
 0.372318
 0.371189
 0.372318
 0.372395
 0.372318
 0.372048
 0.373115
 0.372048
 0.372318
 0.371189
 0.373776
 0.373115
 0.372717
 0.372717
 0.373115
 0.372048
 0.374020
 0.373776
 0.373455
 0.372717
 0.373455
 0.373776
 0.373275
 0.374020
 0.373828
 0.373455
 0.373828
 0.374020
 0.373828
 0.373401
 0.373275
 0.374107
 0.373455
 0.372717
 0.372048
 0.371531
 0.372717
 0.371531
 0.372048
 0.370887
 0.371189
 0.370887
 0.372048
 0.370887
 0.371189
 0.369869
 0.371658
 0.371531
 0.370311
 0.370887
 0.370311
 0.371531
 0.369869
 0.369561
 0.370887
 0.370311
 0.370887
 0.369561
 0.369561
 0.369869
 0.368517
 0.369561
 0.369002
 0.370311
 0.368517
 0.368231
 0.369561
 0.369002
 0.369561
 0.368231
 0.368231
 0.367708
 0.369002
 0.368231
 0.368517
 0.367083
 0.367083
 0.368517
 0.368427
 0.368427
 0.366998
 0.367083
 0.367708
 0.368231
 0.366840
 0.367083
 0.366840
 0.368231
 0.366840
 0.366376
 0.367708
 0.365688
 0.367083
 0.366998
 0.366840
 0.367083
 0.365688
 0.366998
 0.365602
 0.365688
 0.366376
 0.366840
 0.365478
 0.365688
 0.365478
 0.366840
 0.365478
 0.365090
 0.366376
 0.364290
 0.365688
 0.365602
 0.365478
 0.365688
 0.364290
 0.365602
 0.364231
 0.364290
 0.365090
 0.365478
 0.364114
 0.364290
 0.364114
 0.365478
 0.364114
 0.363808
 0.365090
 0.362897
 0.364290
 0.364231
 0.364114
 0.364290
 0.362897
 0.364231
 0.362860
 0.362897
 0.363808
 0.364114
 0.362764
 0.362897
 0.362764
 0.364114
 0.362764
 0.362532
 0.363808
 0.361506
 0.362897
 0.362860
 0.362764
 0.362897
 0.361506
 0.362860
 0.361479
 0.361506
 0.362532
 0.362764
 0.361418
 0.361506
 0.361418
 0.362764
 0.362498
 0.362532
 0.361260
 0.361418
 0.361260
 0.362532
 0.361260
 0.361242
 0.362498
 0.359973
 0.361242
 0.361260
 0.360142
 0.361506
 0.361479
 0.361418
 0.361506
 0.360142
 0.361479
 0.360118
 0.360142
 0.361260
 0.361418
 0.360093
 0.360142
 0.360093
 0.361418
 0.361260
 0.359986
 0.359973
 0.360093
 0.359986
 0.361260
 0.358820
 0.360142
 0.360118
 0.360093
 0.360142
 0.358820
 0.360118
 0.358797
 0.358820
 0.359986
 0.360093
 0.358809
 0.358820
 0.358809
 0.360093
 0.358809
 0.358742
 0.359986
 0.357558
 0.358809
 0.358820
 0.358742
 0.358809
 0.357558
 0.357538
 0.358820
 0.358797
 0.358820
 0.357538
 0.357558
 0.358797
 0.357519
 0.357538
 0.357558
 0.357524
 0.358742
 0.356321
 0.357524
 0.357558
 0.356323
 0.357558
 0.357538
 0.357558
 0.356323
 0.356321
 0.356279
 0.357538
 0.357519
 0.357538
 0.356279
 0.356323
 0.357519
 0.356262
 0.356279
 0.355033
 0.356279
 0.356262
 0.356297
 0.356321
 0.355113
 0.355113
 0.356321
 0.356323
 0.355113
 0.355090
 0.356297
 0.355094
 0.356323
 0.356279
 0.356323
 0.355094
 0.355113
 0.356279
 0.355033
 0.355094
 0.355090
 0.355113
 0.353895
 0.353895
 0.355113
 0.355094
 0.353895
 0.353874
 0.355090
 0.353861
 0.355094
 0.355033
 0.355094
 0.353861
 0.353895
 0.355033
 0.353795
 0.353861
 0.353874
 0.353895
 0.352685
 0.352685
 0.353895
 0.353861
 0.352685
 0.352665
 0.353874
 0.352640
 0.353861
 0.353795
 0.353861
 0.352640
 0.352685
 0.353795
 0.352569
 0.352640
 0.352665
 0.352685
 0.351492
 0.351492
 0.352685
 0.352640
 0.351442
 0.352640
 0.352569
 0.352640
 0.351442
 0.351492
 0.352569
 0.351372
 0.351442
 0.350321
 0.351492
 0.351442
 0.350267
 0.351442
 0.351372
 0.351442
 0.350267
 0.350321
 0.351372
 0.350195
 0.350267
 0.350307
 0.350321
 0.349148
 0.349148
 0.350321
 0.350267
 0.349148
 0.349141
 0.350307
 0.349096
 0.350267
 0.350195
 0.350267
 0.349096
 0.349148
 0.350195
 0.349030
 0.349096
 0.349141
 0.349148
 0.347963
 0.347963
 0.349148
 0.349096
 0.347911
 0.349096
 0.349030
 0.349096
 0.347911
 0.347963
 0.349030
 0.347856
 0.347911
 0.346758
 0.347963
 0.347911
 0.346709
 0.347911
 0.347856
 0.347911
 0.346709
 0.346758
 0.347856
 0.346671
 0.346709
 0.345555
 0.346758
 0.346709
 0.345507
 0.346709
 0.346671
 0.346709
 0.345507
 0.345555
 0.346671
 0.345488
 0.345507
 0.345555
 0.344364
 0.344412
 0.344364
 0.345555
 0.345507
 0.343233
 0.344412
 0.344364
 0.344323
 0.345507
 0.345488
 0.345507
 0.344323
 0.344364
 0.345488
 0.344325
 0.344323
 0.344323
 0.344325
 0.343169
 0.344364
 0.343172
 0.343233
 0.343172
 0.344364
 0.344323
 0.342054
 0.343233
 0.343172
 0.343169
 0.343143
 0.344323
 0.344323
 0.343143
 0.343172
 0.343143
 0.343169
 0.342017
 0.343172
 0.341980
 0.342054
 0.341980
 0.343172
 0.343143
 0.342017
 0.341967
 0.343143
 0.343143
 0.341967
 0.341980
 0.340800
 0.341980
 0.341967
 0.341967
 0.342017
 0.340873
 0.340937
 0.340873
 0.342017
 0.340873
 0.340937
 0.339769
 0.341967
 0.340804
 0.340800
 0.340873
 0.340804
 0.341967
 0.340800
 0.339622
 0.339684
 0.339622
 0.340800
 0.340804
 0.338495
 0.339684
 0.339622
 0.339769
 0.339716
 0.340873
 0.340804
 0.340873
 0.339716
 0.339716
 0.339769
 0.338594
 0.339716
 0.339639
 0.340804
 0.340804
 0.339639
 0.339622
 0.338594
 0.338553
 0.339716
 0.339639
 0.339716
 0.338553
 0.338553
 0.338594
 0.337408
 0.339622
 0.339639
 0.338476
 0.338553
 0.338476
 0.339639
 0.339622
 0.338446
 0.338495
 0.338476
 0.338446
 0.339622
 0.337325
 0.338495
 0.338446
 0.338476
 0.338553
 0.337388
 0.337408
 0.337388
 0.338553
 0.338446
 0.338476
 0.337330
 0.337388
 0.337330
 0.338476
 0.338446
 0.337301
 0.337325
 0.337330
 0.337301
 0.338446
 0.336159
 0.337325
 0.337301
 0.336202
 0.337388
 0.337408
 0.337330
 0.337388
 0.336202
 0.337408
 0.336198
 0.336202
 0.334995
 0.336202
 0.336198
 0.337301
 0.337330
 0.336179
 0.336202
 0.336179
 0.337330
 0.337301
 0.336161
 0.336159
 0.336179
 0.336161
 0.337301
 0.335019
 0.336179
 0.336202
 0.336161
 0.336179
 0.335019
 0.336202
 0.334995
 0.335019
 0.336159
 0.336161
 0.335027
 0.335019
 0.335027
 0.336161
 0.335027
 0.334999
 0.336159
 0.333842
 0.335019
 0.334995
 0.335027
 0.335019
 0.333842
 0.334995
 0.333755
 0.333842
 0.334999
 0.335027
 0.333901
 0.333842
 0.333901
 0.335027
 0.332644
 0.333842
 0.333755
 0.332795
 0.333901
 0.333842
 0.333842
 0.332644
 0.332795
 0.333755
 0.332471
 0.332644
 0.331750
 0.332795
 0.332644
 0.331492
 0.332644
 0.332471
 0.332644
 0.331492
 0.331750
 0.332471
 0.331222
 0.331492
 0.330722
 0.331750
 0.331492
 0.330376
 0.331492
 0.331222
 0.331492
 0.330376
 0.330722
 0.331222
 0.330029
 0.330376
 0.329671
 0.330722
 0.330376
 0.329263
 0.330376
 0.330029
 0.330376
 0.329263
 0.329671
 0.330029
 0.328875
 0.329263
 0.328621
 0.329671
 0.329263
 0.328132
 0.329263
 0.328875
 0.329263
 0.328132
 0.328621
 0.328875
 0.327695
 0.328132
 0.328495
 0.328621
 0.327497
 0.327497
 0.328621
 0.328132
 0.327497
 0.327352
 0.328495
 0.326968
 0.328132
 0.327695
 0.328132
 0.326968
 0.327497
 0.327695
 0.326553
 0.326968
 0.327352
 0.327497
 0.326303
 0.326303
 0.327497
 0.326968
 0.325807
 0.326968
 0.326553
 0.326968
 0.325807
 0.326303
 0.326553
 0.325397
 0.325807
 0.325060
 0.326303
 0.325807
 0.324323
 0.324965
 0.325060
 0.324635
 0.325807
 0.325397
 0.325807
 0.324635
 0.325060
 0.325060
 0.324434
 0.324323
 0.324323
 0.324434
 0.323229
 0.324196
 0.324434
 0.325060
 0.323229
 0.324434
 0.324196
 0.325060
 0.324635
 0.324196
 0.324196
 0.322995
 0.323229
 0.323229
 0.322995
 0.322509
 0.322209
 0.322509
 0.322995
 0.325397
 0.324257
 0.324635
 0.324267
 0.324257
 0.325397
 0.322995
 0.322693
 0.322209
 0.322209
 0.322693
 0.322686
 0.323770
 0.324257
 0.324267
 0.324635
 0.324257
 0.323770
 0.323770
 0.324196
 0.324635
 0.322995
 0.324196
 0.323770
 0.323770
 0.322693
 0.322995
 0.322686
 0.322693
 0.323770
 0.324267
 0.323807
 0.323770
 0.323770
 0.323807
 0.322686
 0.056569
 0.021244
 0.056569
 0.021244
 0.134829
 0.056569
 0.021244
 0.021244
 0.021244
 0.083158
 0.134829
 0.083158
 0.021244
 0.347286
 0.134829
 0.083158
 0.034939
 0.083158
 0.034939
 0.083158
 0.161618
 0.347286
 0.161618
 0.083158
 0.034939
 0.347286
 0.161618
 0.195393
 0.195393
 0.405595
 0.347286
 0.034939
 0.074583
 0.161618
 0.195393
 0.161618
 0.074583
 0.405595
 0.195393
 0.116115
 0.116115
 0.137102
 0.405595
 0.137102
 0.116115
 0.116115
 0.116115
 0.052293
 0.116115
 0.195393
 0.077538
 0.077538
 0.052293
 0.116115
 0.074583
 0.077538
 0.195393
 0.004032
 0.052293
 0.077538
 0.077538
 0.023126
 0.004032
 0.004032
 0.023126
 0.077538
 0.074583
 0.024563
 0.024563
 0.023126
 0.077538
 0.024563
 0.074583
 0.034939
 0.023126
 0.023126
 0.024563
 0.034939
 0.024563
 0.034939
 0.024563
 0.024563
 0.000726
 0.000646
 0.001505
 0.000646
 0.000726
 0.000726
 0.000726
 0.001544
 0.001505
 0.002330
 0.001505
 0.001544
 0.000805
 0.000726
 0.001544
 0.000726
 0.000805
 0.001544
 0.002358
 0.002330
 0.000805
 0.001600
 0.001544
 0.002358
 0.001544
 0.001600
 0.000805
 0.000025
 0.001600
 0.000805
 0.000835
 0.000025
 0.000835
 0.000805
 0.001600
 0.002395
 0.002358
 0.003173
 0.002358
 0.002395
 0.000835
 0.001623
 0.001600
 0.002395
 0.001600
 0.001623
 0.002395
 0.003197
 0.003173
 0.003863
 0.003993
 0.004887
 0.004887
 0.004729
 0.003863
 0.004021
 0.003993
 0.003173
 0.003173
 0.003197
 0.004021
 0.004896
 0.004887
 0.003993
 0.003993
 0.004021
 0.004896
 0.004729
 0.004887
 0.005898
 0.005898
 0.005716
 0.004729
 0.004887
 0.004896
 0.005798
 0.005798
 0.005898
 0.004887
 0.005716
 0.005898
 0.007148
 0.007148
 0.006881
 0.005716
 0.005898
 0.005798
 0.007051
 0.007051
 0.007148
 0.005898
 0.006881
 0.007148
 0.008721
 0.008721
 0.008430
 0.006881
 0.007148
 0.007051
 0.008668
 0.008668
 0.008721
 0.007148
 0.008430
 0.008721
 0.010617
 0.010617
 0.010386
 0.008430
 0.012562
 0.010386
 0.010617
 0.008721
 0.008668
 0.010605
 0.010605
 0.010617
 0.008721
 0.010617
 0.012789
 0.012562
 0.012789
 0.010617
 0.010605
 0.014965
 0.012562
 0.012789
 0.010605
 0.008668
 0.008812
 0.008812
 0.008668
 0.007051
 0.012789
 0.015208
 0.014965
 0.010605
 0.012837
 0.012789
 0.015208
 0.012789
 0.012837
 0.012837
 0.015420
 0.015208
 0.017762
 0.015208
 0.015420
 0.012837
 0.010605
 0.010818
 0.008812
 0.010818
 0.010605
 0.017762
 0.020329
 0.020239
 0.022818
 0.020239
 0.020329
 0.020329
 0.017762
 0.017978
 0.015420
 0.017978
 0.017762
 0.020329
 0.022902
 0.022818
 0.017978
 0.020528
 0.020329
 0.022902
 0.020329
 0.020528
 0.020528
 0.023068
 0.022902
 0.025484
 0.022902
 0.023068
 0.023068
 0.025594
 0.025484
 0.028074
 0.025484
 0.025594
 0.028074
 0.030660
 0.030591
 0.033171
 0.030591
 0.030660
 0.025594
 0.028116
 0.028074
 0.030660
 0.028074
 0.028116
 0.030660
 0.033236
 0.033171
 0.028116
 0.030637
 0.030660
 0.033156
 0.033236
 0.030660
 0.030660
 0.030637
 0.033156
 0.035680
 0.035797
 0.033236
 0.033236
 0.033156
 0.035680
 0.035797
 0.038344
 0.038277
 0.040804
 0.038277
 0.038344
 0.035797
 0.035680
 0.038210
 0.038210
 0.038344
 0.035797
 0.038344
 0.040881
 0.040804
 0.043315
 0.040804
 0.040881
 0.038344
 0.038210
 0.040748
 0.040748
 0.040881
 0.038344
 0.040881
 0.043409
 0.043315
 0.045816
 0.043315
 0.043409
 0.040881
 0.040748
 0.043294
 0.043294
 0.043409
 0.040881
 0.043409
 0.045931
 0.045816
 0.048315
 0.045816
 0.045931
 0.043409
 0.043294
 0.045844
 0.045844
 0.045931
 0.043409
 0.045931
 0.048432
 0.048315
 0.050822
 0.048315
 0.048432
 0.045931
 0.045844
 0.048372
 0.048372
 0.048432
 0.045931
 0.048432
 0.050895
 0.050822
 0.048432
 0.048372
 0.050849
 0.050849
 0.050895
 0.048432
 0.048221
 0.048372
 0.045844
 0.048372
 0.048221
 0.050742
 0.050742
 0.050849
 0.048372
 0.050895
 0.050849
 0.052250
 0.052250
 0.052276
 0.050895
 0.050849
 0.050742
 0.052226
 0.052226
 0.052250
 0.050849
 0.052276
 0.052250
 0.053505
 0.053505
 0.053540
 0.052276
 0.053505
 0.052250
 0.052226
 0.052226
 0.053515
 0.053505
 0.054767
 0.053505
 0.053515
 0.053540
 0.053505
 0.054767
 0.054767
 0.054813
 0.053540
 0.054813
 0.054767
 0.056046
 0.056046
 0.056098
 0.054813
 0.056046
 0.054767
 0.054808
 0.056098
 0.056046
 0.057338
 0.057338
 0.057394
 0.056098
 0.057549
 0.057394
 0.058693
 0.057394
 0.057338
 0.058633
 0.058633
 0.058693
 0.057394
 0.057338
 0.056046
 0.056108
 0.054808
 0.056108
 0.056046
 0.058633
 0.057338
 0.057412
 0.056108
 0.057412
 0.057338
 0.058693
 0.058633
 0.059877
 0.059877
 0.059944
 0.058693
 0.059944
 0.059877
 0.061040
 0.061040
 0.061136
 0.059944
 0.059877
 0.058633
 0.058716
 0.057412
 0.058716
 0.058633
 0.061040
 0.059877
 0.059966
 0.058716
 0.059966
 0.059877
 0.061136
 0.061040
 0.062072
 0.062072
 0.062244
 0.061136
 0.062769
 0.062244
 0.062651
 0.062244
 0.062072
 0.062438
 0.062438
 0.062651
 0.062244
 0.062072
 0.061040
 0.061154
 0.059966
 0.061154
 0.061040
 0.062438
 0.062072
 0.062243
 0.061154
 0.062243
 0.062072
 0.062786
 0.063000
 0.062651
 0.063174
 0.063000
 0.062786
 0.062651
 0.062438
 0.062786
 0.062786
 0.062646
 0.063174
 0.062786
 0.062438
 0.062642
 0.062243
 0.062642
 0.062438
 0.062646
 0.062786
 0.063015
 0.062642
 0.063015
 0.062786
 0.063015
 0.062847
 0.062646
 0.062642
 0.062243
 0.062752
 0.062847
 0.063015
 0.063766
 0.063766
 0.063976
 0.062847
 0.063015
 0.062642
 0.063348
 0.063348
 0.063766
 0.063015
 0.062752
 0.063348
 0.062642
 0.063976
 0.063766
 0.066274
 0.066274
 0.065975
 0.063976
 0.064426
 0.065975
 0.066274
 0.066274
 0.064214
 0.064426
 0.065235
 0.066274
 0.063766
 0.064214
 0.066274
 0.065235
 0.063766
 0.063348
 0.065235
 0.065235
 0.063414
 0.064214
 0.063471
 0.065235
 0.063348
 0.063414
 0.065235
 0.063471
 0.063348
 0.062752
 0.063471
 0.061664
 0.063471
 0.062752
 0.062752
 0.061432
 0.061664
 0.061432
 0.062752
 0.062243
 0.062243
 0.061154
 0.061432
 0.061397
 0.061664
 0.060275
 0.060275
 0.061664
 0.061432
 0.060275
 0.060132
 0.061397
 0.060159
 0.061432
 0.061154
 0.061432
 0.060159
 0.060275
 0.061154
 0.059966
 0.060159
 0.060132
 0.060275
 0.058975
 0.058975
 0.060275
 0.060159
 0.058975
 0.058861
 0.060132
 0.058885
 0.060159
 0.059966
 0.060159
 0.058885
 0.058975
 0.059966
 0.058716
 0.058885
 0.058861
 0.058975
 0.057649
 0.057649
 0.058975
 0.058885
 0.057568
 0.058885
 0.058716
 0.058885
 0.057568
 0.057649
 0.058716
 0.057412
 0.057568
 0.056319
 0.057649
 0.057568
 0.056243
 0.057568
 0.057412
 0.057568
 0.056243
 0.056319
 0.057412
 0.056108
 0.056243
 0.056235
 0.056319
 0.054974
 0.054974
 0.056319
 0.056243
 0.054974
 0.054918
 0.056235
 0.054907
 0.056243
 0.056108
 0.056243
 0.054907
 0.054974
 0.056108
 0.054808
 0.054907
 0.054918
 0.054974
 0.053615
 0.053615
 0.054974
 0.054907
 0.053615
 0.053599
 0.054918
 0.053565
 0.054907
 0.054808
 0.054907
 0.053565
 0.053615
 0.053599
 0.053615
 0.052251
 0.052251
 0.053615
 0.053565
 0.052251
 0.052284
 0.053599
 0.053565
 0.052220
 0.052251
 0.052220
 0.052226
 0.050742
 0.050671
 0.052251
 0.052220
 0.050742
 0.050636
 0.052220
 0.052220
 0.050636
 0.050671
 0.050636
 0.050742
 0.048221
 0.048105
 0.050671
 0.050636
 0.048221
 0.048069
 0.050636
 0.050636
 0.048069
 0.048105
 0.045584
 0.048105
 0.048069
 0.048069
 0.048221
 0.045669
 0.045844
 0.045669
 0.048221
 0.045669
 0.045844
 0.043294
 0.048069
 0.045524
 0.045584
 0.045669
 0.045524
 0.048069
 0.043079
 0.045584
 0.045524
 0.043294
 0.043113
 0.045669
 0.045524
 0.045669
 0.043113
 0.043113
 0.043294
 0.040748
 0.045524
 0.042992
 0.043079
 0.043113
 0.042992
 0.045524
 0.040574
 0.043079
 0.042992
 0.040748
 0.040568
 0.043113
 0.042992
 0.043113
 0.040568
 0.040568
 0.040748
 0.038210
 0.042992
 0.040470
 0.040574
 0.040568
 0.040470
 0.042992
 0.038063
 0.040574
 0.040470
 0.038210
 0.038040
 0.040568
 0.040470
 0.040568
 0.038040
 0.038040
 0.038210
 0.035680
 0.040470
 0.037958
 0.038063
 0.038040
 0.037958
 0.040470
 0.038063
 0.035547
 0.035732
 0.035547
 0.038063
 0.037958
 0.035680
 0.035530
 0.038040
 0.037958
 0.038040
 0.035530
 0.035530
 0.035680
 0.033156
 0.037958
 0.035460
 0.035547
 0.035530
 0.035460
 0.037958
 0.033029
 0.035547
 0.035460
 0.033156
 0.033039
 0.035530
 0.035460
 0.035530
 0.033039
 0.033039
 0.033156
 0.030637
 0.035460
 0.032976
 0.033029
 0.033039
 0.032976
 0.035460
 0.030508
 0.033029
 0.032976
 0.030637
 0.030566
 0.033039
 0.032976
 0.033039
 0.030566
 0.030566
 0.030637
 0.028116
 0.030566
 0.030505
 0.032976
 0.032976
 0.030505
 0.030508
 0.028116
 0.028102
 0.030566
 0.030505
 0.030566
 0.028102
 0.025636
 0.028102
 0.028116
 0.028116
 0.025594
 0.025636
 0.028102
 0.028042
 0.030505
 0.030508
 0.030505
 0.028042
 0.028042
 0.028102
 0.025636
 0.028042
 0.027984
 0.030508
 0.030508
 0.027984
 0.027998
 0.025636
 0.025575
 0.028042
 0.027984
 0.028042
 0.025575
 0.023151
 0.025636
 0.025594
 0.025575
 0.025636
 0.023151
 0.025594
 0.023068
 0.023151
 0.027998
 0.027984
 0.025456
 0.025575
 0.025456
 0.027984
 0.025456
 0.025406
 0.027998
 0.023151
 0.023088
 0.025575
 0.025456
 0.025575
 0.023088
 0.020640
 0.023151
 0.023068
 0.023088
 0.023151
 0.020640
 0.023068
 0.020528
 0.020640
 0.025406
 0.025456
 0.022918
 0.023088
 0.022918
 0.025456
 0.020640
 0.020576
 0.023088
 0.022918
 0.023088
 0.020576
 0.018108
 0.020640
 0.020528
 0.020576
 0.020640
 0.018108
 0.020528
 0.017978
 0.018108
 0.020576
 0.020375
 0.022918
 0.018108
 0.018045
 0.020576
 0.020375
 0.020576
 0.018045
 0.015574
 0.018108
 0.017978
 0.018045
 0.018108
 0.015574
 0.017978
 0.015420
 0.015574
 0.018045
 0.017827
 0.020375
 0.015574
 0.015526
 0.018045
 0.017827
 0.018045
 0.015526
 0.017649
 0.017827
 0.015289
 0.015526
 0.015289
 0.017827
 0.015526
 0.015574
 0.013093
 0.013093
 0.015574
 0.015420
 0.015420
 0.012837
 0.013093
 0.010818
 0.013093
 0.012837
 0.015289
 0.015526
 0.013085
 0.013093
 0.013085
 0.015526
 0.013085
 0.012878
 0.015289
 0.010797
 0.013085
 0.013093
 0.012878
 0.013085
 0.010797
 0.013093
 0.010818
 0.010797
 0.010797
 0.010594
 0.012878
 0.008292
 0.010594
 0.010797
 0.008717
 0.010797
 0.010818
 0.010797
 0.008717
 0.008292
 0.010818
 0.008812
 0.008717
 0.006721
 0.008292
 0.008717
 0.007101
 0.008717
 0.008812
 0.008717
 0.007101
 0.006721
 0.005828
 0.006721
 0.007101
 0.008812
 0.007177
 0.007101
 0.007051
 0.007177
 0.008812
 0.007177
 0.007051
 0.005798
 0.007101
 0.005918
 0.005828
 0.005918
 0.007101
 0.007177
 0.004876
 0.005828
 0.005918
 0.005798
 0.005917
 0.007177
 0.007177
 0.005917
 0.005918
 0.005917
 0.005798
 0.004896
 0.005918
 0.004916
 0.004876
 0.004916
 0.005918
 0.005917
 0.003987
 0.004876
 0.004916
 0.004896
 0.004917
 0.005917
 0.005917
 0.004917
 0.004916
 0.004917
 0.004896
 0.004021
 0.004916
 0.004021
 0.003987
 0.004021
 0.004916
 0.004917
 0.004021
 0.004028
 0.004917
 0.004917
 0.004028
 0.004021
 0.004028
 0.004021
 0.003197
 0.003168
 0.003987
 0.004021
 0.003987
 0.003168
 0.003135
 0.003194
 0.004021
 0.004028
 0.004021
 0.003194
 0.003168
 0.003197
 0.003204
 0.004028
 0.004028
 0.003204
 0.003194
 0.002408
 0.003204
 0.003197
 0.003194
 0.003204
 0.002408
 0.003197
 0.002395
 0.002408
 0.001623
 0.002408
 0.002395
 0.002408
 0.002392
 0.003194
 0.002392
 0.002408
 0.001623
 0.003168
 0.003194
 0.002392
 0.001623
 0.001600
 0.002392
 0.001600
 0.001623
 0.000835
 0.002392
 0.002355
 0.003168
 0.002355
 0.002392
 0.001600
 0.003135
 0.003168
 0.002355
 0.001600
 0.001544
 0.002355
 0.000835
 0.000810
 0.001600
 0.001544
 0.001600
 0.000810
 0.000810
 0.000835
 0.000025
 0.000810
 0.000736
 0.001544
 0.000025
 0.000003
 0.000810
 0.000736
 0.000810
 0.000003
 0.000003
 0.000736
 0.000003
 0.000025
 0.000025
 0.000003
 0.000003
 0.095777
 0.095791
 0.096415
 0.096415
 0.096444
 0.095777
 0.095745
 0.095777
 0.096444
 0.096444
 0.096415
 0.098756
 0.096444
 0.096443
 0.095745
 0.095692
 0.095745
 0.096443
 0.098756
 0.098679
 0.096444
 0.096443
 0.096444
 0.098679
 0.101661
 0.098679
 0.098756
 0.098756
 0.101914
 0.101661
 0.101661
 0.101914
 0.103347
 0.098679
 0.098817
 0.096443
 0.098817
 0.098679
 0.101661
 0.103347
 0.103530
 0.101661
 0.103530
 0.103347
 0.104827
 0.101661
 0.102169
 0.098817
 0.102169
 0.101661
 0.103530
 0.096443
 0.098817
 0.098735
 0.098735
 0.098817
 0.102169
 0.104827
 0.104834
 0.103530
 0.104834
 0.104827
 0.106299
 0.103530
 0.103449
 0.102169
 0.103449
 0.103530
 0.104834
 0.106299
 0.106301
 0.104834
 0.106301
 0.106299
 0.107768
 0.104834
 0.104844
 0.103449
 0.104844
 0.104834
 0.106301
 0.102217
 0.102169
 0.103449
 0.102169
 0.102217
 0.098735
 0.103463
 0.103449
 0.104844
 0.103449
 0.103463
 0.102217
 0.106301
 0.106345
 0.104844
 0.107768
 0.107793
 0.106301
 0.106345
 0.106301
 0.107793
 0.107793
 0.107768
 0.109153
 0.104857
 0.104844
 0.106345
 0.104844
 0.104857
 0.103463
 0.109153
 0.109192
 0.107793
 0.107793
 0.107879
 0.106345
 0.107879
 0.107793
 0.109192
 0.109192
 0.109278
 0.107879
 0.109278
 0.109192
 0.110455
 0.106373
 0.106345
 0.107879
 0.106345
 0.106373
 0.104857
 0.107921
 0.107879
 0.109278
 0.107879
 0.107921
 0.106373
 0.110455
 0.110540
 0.109278
 0.110540
 0.110455
 0.111699
 0.109311
 0.109278
 0.110540
 0.109278
 0.109311
 0.107921
 0.111699
 0.111769
 0.110540
 0.111769
 0.111699
 0.112942
 0.110540
 0.110576
 0.109311
 0.110576
 0.110540
 0.111769
 0.107921
 0.109311
 0.109276
 0.109311
 0.110576
 0.110539
 0.110539
 0.109276
 0.109311
 0.111769
 0.111797
 0.110576
 0.109276
 0.107873
 0.107921
 0.106373
 0.107921
 0.107873
 0.111797
 0.111769
 0.112983
 0.112942
 0.112983
 0.111769
 0.107873
 0.106332
 0.106373
 0.104857
 0.106373
 0.106332
 0.112983
 0.112942
 0.114255
 0.106332
 0.104819
 0.104857
 0.103463
 0.104857
 0.104819
 0.104819
 0.103414
 0.103463
 0.102217
 0.103463
 0.103414
 0.116848
 0.115559
 0.115563
 0.103414
 0.102145
 0.102217
 0.098735
 0.102217
 0.102145
 0.115559
 0.116848
 0.116821
 0.119617
 0.118131
 0.117840
 0.117840
 0.119296
 0.119617
 0.116848
 0.118131
 0.118148
 0.118148
 0.116821
 0.116848
 0.118131
 0.119617
 0.119504
 0.119504
 0.118148
 0.118131
 0.121478
 0.119617
 0.119296
 0.121554
 0.119504
 0.119617
 0.119617
 0.121478
 0.121554
 0.123645
 0.121554
 0.121478
 0.121478
 0.123565
 0.123645
 0.125629
 0.125669
 0.123565
 0.123645
 0.123565
 0.125669
 0.121637
 0.121554
 0.123645
 0.119504
 0.121554
 0.121637
 0.125669
 0.125770
 0.123645
 0.125770
 0.125669
 0.127765
 0.127765
 0.127897
 0.125770
 0.127897
 0.127765
 0.129863
 0.123706
 0.123645
 0.125770
 0.123645
 0.123706
 0.121637
 0.125838
 0.125770
 0.127897
 0.125770
 0.125838
 0.123706
 0.129863
 0.130015
 0.127897
 0.131904
 0.131968
 0.129863
 0.130015
 0.129863
 0.131968
 0.127979
 0.127897
 0.130015
 0.127897
 0.127979
 0.125838
 0.131968
 0.132122
 0.130015
 0.132122
 0.131968
 0.134085
 0.136149
 0.136214
 0.134085
 0.136214
 0.136149
 0.138290
 0.134085
 0.134217
 0.132122
 0.134217
 0.134085
 0.136214
 0.130106
 0.130015
 0.132122
 0.130015
 0.130106
 0.127979
 0.132207
 0.132122
 0.134217
 0.132122
 0.132207
 0.130106
 0.136214
 0.136303
 0.134217
 0.138290
 0.138352
 0.136214
 0.136303
 0.136214
 0.138352
 0.138352
 0.138290
 0.140434
 0.134283
 0.134217
 0.136303
 0.134217
 0.134283
 0.132207
 0.140434
 0.140491
 0.138352
 0.140491
 0.140434
 0.142571
 0.138352
 0.138386
 0.136303
 0.138386
 0.138352
 0.140491
 0.136303
 0.136336
 0.134283
 0.136336
 0.136303
 0.138386
 0.142571
 0.142625
 0.140491
 0.142625
 0.142571
 0.144695
 0.140491
 0.140472
 0.138386
 0.144695
 0.144749
 0.142625
 0.140491
 0.142625
 0.142559
 0.142559
 0.140472
 0.140491
 0.142625
 0.144749
 0.144652
 0.144652
 0.142559
 0.142625
 0.146752
 0.144652
 0.144749
 0.144749
 0.146864
 0.146752
 0.148863
 0.146752
 0.146864
 0.146864
 0.148974
 0.148863
 0.150982
 0.148863
 0.148974
 0.148974
 0.151078
 0.150982
 0.153108
 0.150982
 0.151078
 0.151078
 0.153181
 0.153108
 0.155171
 0.155268
 0.153181
 0.155268
 0.155171
 0.157265
 0.155219
 0.153108
 0.153181
 0.153181
 0.155268
 0.155219
 0.157265
 0.157327
 0.155268
 0.157289
 0.155219
 0.155268
 0.155268
 0.157327
 0.157289
 0.153108
 0.155219
 0.155092
 0.155092
 0.152962
 0.153108
 0.150982
 0.153108
 0.152962
 0.157327
 0.159365
 0.159322
 0.159322
 0.157289
 0.157327
 0.161348
 0.159322
 0.159365
 0.159365
 0.161405
 0.161348
 0.157289
 0.159322
 0.159284
 0.159284
 0.159322
 0.161348
 0.155219
 0.157289
 0.157199
 0.159284
 0.157199
 0.157289
 0.157199
 0.155092
 0.155219
 0.161348
 0.161363
 0.159284
 0.157199
 0.159284
 0.159274
 0.159274
 0.159284
 0.161363
 0.155092
 0.157199
 0.157110
 0.159274
 0.157110
 0.157199
 0.157110
 0.154965
 0.155092
 0.152962
 0.155092
 0.154965
 0.157139
 0.157110
 0.159274
 0.154995
 0.154965
 0.157110
 0.157110
 0.157139
 0.154995
 0.154965
 0.152841
 0.152962
 0.153085
 0.152892
 0.154995
 0.154965
 0.154995
 0.152892
 0.152892
 0.152841
 0.154965
 0.152892
 0.153085
 0.151000
 0.159274
 0.159324
 0.157139
 0.151000
 0.150804
 0.152892
 0.152841
 0.152892
 0.150804
 0.150804
 0.151000
 0.148909
 0.159324
 0.159274
 0.161443
 0.161443
 0.161524
 0.159324
 0.161363
 0.161443
 0.159274
 0.161524
 0.163781
 0.163687
 0.165948
 0.163687
 0.163781
 0.161524
 0.161443
 0.163665
 0.163665
 0.163781
 0.161524
 0.161443
 0.161363
 0.163497
 0.163497
 0.163665
 0.161443
 0.163781
 0.166082
 0.165948
 0.168204
 0.165948
 0.166082
 0.163781
 0.163665
 0.165950
 0.165950
 0.166082
 0.163781
 0.166082
 0.168349
 0.168204
 0.170468
 0.168204
 0.168349
 0.166082
 0.165950
 0.168208
 0.168208
 0.168349
 0.166082
 0.165725
 0.165950
 0.163665
 0.163665
 0.163497
 0.165725
 0.167960
 0.168208
 0.165950
 0.165950
 0.165725
 0.167960
 0.168349
 0.170586
 0.170468
 0.168349
 0.168208
 0.170429
 0.170429
 0.170586
 0.168349
 0.170586
 0.170429
 0.172584
 0.172584
 0.172786
 0.170586
 0.170191
 0.170429
 0.168208
 0.168208
 0.167960
 0.170191
 0.172391
 0.172584
 0.170429
 0.170429
 0.170191
 0.172391
 0.172786
 0.172584
 0.174584
 0.174584
 0.174913
 0.172786
 0.174913
 0.174584
 0.176274
 0.176274
 0.176913
 0.174913
 0.174493
 0.174584
 0.172584
 0.172584
 0.172391
 0.174493
 0.176406
 0.176274
 0.174584
 0.174584
 0.174493
 0.176406
 0.176913
 0.176274
 0.176711
 0.176711
 0.177668
 0.176913
 0.177668
 0.178669
 0.182161
 0.182335
 0.182161
 0.178669
 0.178669
 0.179220
 0.182335
 0.177207
 0.179220
 0.178669
 0.176652
 0.178669
 0.177668
 0.178669
 0.176652
 0.177207
 0.177668
 0.176711
 0.176652
 0.177433
 0.177207
 0.176652
 0.176652
 0.177877
 0.177433
 0.177877
 0.176652
 0.176711
 0.179903
 0.177433
 0.177877
 0.177139
 0.176711
 0.176274
 0.176711
 0.177139
 0.177877
 0.176274
 0.176406
 0.177139
 0.177877
 0.180135
 0.179903
 0.180135
 0.177877
 0.177139
 0.184537
 0.179903
 0.180135
 0.178266
 0.177139
 0.176406
 0.177139
 0.178266
 0.180135
 0.180135
 0.184406
 0.184537
 0.179905
 0.184406
 0.180135
 0.184406
 0.179905
 0.180256
 0.180135
 0.178266
 0.179905
 0.177989
 0.180256
 0.179905
 0.179905
 0.177822
 0.177989
 0.177822
 0.179905
 0.178266
 0.175159
 0.177989
 0.177822
 0.176406
 0.177014
 0.178266
 0.178266
 0.177014
 0.177822
 0.177014
 0.176406
 0.174493
 0.177822
 0.174973
 0.175159
 0.174973
 0.177822
 0.177014
 0.172763
 0.175159
 0.174973
 0.174493
 0.174654
 0.177014
 0.177014
 0.174654
 0.174973
 0.174654
 0.174493
 0.172391
 0.174973
 0.172536
 0.172763
 0.172536
 0.174973
 0.174654
 0.172391
 0.172368
 0.174654
 0.174654
 0.172368
 0.172536
 0.172368
 0.172391
 0.170191
 0.170218
 0.172536
 0.172368
 0.170191
 0.170098
 0.172368
 0.172368
 0.170098
 0.170218
 0.170098
 0.170191
 0.167960
 0.167952
 0.170218
 0.170098
 0.167960
 0.167850
 0.170098
 0.170098
 0.167850
 0.167952
 0.167850
 0.167960
 0.165725
 0.165717
 0.167952
 0.167850
 0.165725
 0.165625
 0.167850
 0.167850
 0.165625
 0.165717
 0.165625
 0.165725
 0.163497
 0.163509
 0.165717
 0.165625
 0.163509
 0.161405
 0.161499
 0.163497
 0.163430
 0.165625
 0.165625
 0.163430
 0.163509
 0.161405
 0.163509
 0.163430
 0.163430
 0.163497
 0.161363
 0.163430
 0.161348
 0.161405
 0.161363
 0.161348
 0.163430
 0.000468
 0.000468
 0.000468
 0.008842
 0.000468
 0.008842
 0.008842
 0.034560
 0.008842
 0.085976
 0.034560
 0.039865
 0.034560
 0.039865
 0.034560
 0.039865
 0.050306
 0.039865
 0.050306
 0.009616
 0.050306
 0.009616
 0.038183
 0.009616
 0.038183
 0.020748
 0.020748
 0.022812
 0.022812
 0.020748
 0.022812
 0.020748
 0.075347
 0.075347
 0.038183
 0.026670
 0.026670
 0.024655
 0.024655
 0.022812
 0.024655
 0.026670
 0.076464
 0.076464
 0.076759
 0.024655
 0.022812
 0.024655
 0.076759
 0.076759
 0.076549
 0.022812
 0.020748
 0.022812
 0.076549
 0.076549
 0.075347
 0.020748
 0.078353
 0.075347
 0.076549
 0.038183
 0.075347
 0.078353
 0.126146
 0.080858
 0.076549
 0.076549
 0.080858
 0.078353
 0.090639
 0.080858
 0.126146
 0.090639
 0.078353
 0.080858
 0.072165
 0.038183
 0.078353
 0.072165
 0.078353
 0.090639
 0.090639
 0.126146
 0.101654
 0.072165
 0.090639
 0.101654
 0.085085
 0.101654
 0.126146
 0.101654
 0.085085
 0.072165
 0.038183
 0.072165
 0.085085
 0.735847
 0.296660
 0.200702
 0.200702
 0.800852
 0.735847
 0.200702
 0.473788
 0.800852
 0.800852
 0.473788
 0.552513
 0.057834
 0.038012
 0.005157
 0.038012
 0.057834
 0.111325
 0.018083
 0.005157
 0.005157
 0.018083
 0.057834
 0.018083
 0.111325
 0.057834
 0.207492
 0.207492
 0.200702
 0.111325
 0.473788
 0.200702
 0.207492
 0.071872
 0.057834
 0.018083
 0.207492
 0.057834
 0.071872
 0.035181
 0.018083
 0.018083
 0.035181
 0.071872
 0.071872
 0.035181
 0.084526
 0.084526
 0.174152
 0.071872
 0.071872
 0.174152
 0.207492
 0.102248
 0.084526
 0.049154
 0.174152
 0.084526
 0.102248
 0.049154
 0.058951
 0.102248
 0.174152
 0.214398
 0.207492
 0.102248
 0.214398
 0.174152
 0.337237
 0.207492
 0.214398
 0.207492
 0.337237
 0.473788
 0.272094
 0.214398
 0.102248
 0.214398
 0.272094
 0.337237
 0.154959
 0.102248
 0.058951
 0.102248
 0.154959
 0.272094
 0.295696
 0.272094
 0.154959
 0.272094
 0.295696
 0.337237
 0.154959
 0.167630
 0.295696
 0.337237
 0.295696
 0.429157
 0.429157
 0.295696
 0.167630
 0.473788
 0.337237
 0.487443
 0.429157
 0.487443
 0.337237
 0.487443
 0.552513
 0.473788
 0.234804
 0.167630
 0.094178
 0.167630
 0.234804
 0.429157
 0.094178
 0.094491
 0.234804
 0.487443
 0.429157
 0.481177
 0.481177
 0.552513
 0.487443
 0.448167
 0.429157
 0.234804
 0.481177
 0.429157
 0.448167
 0.330187
 0.234804
 0.094491
 0.234804
 0.330187
 0.448167
 0.548877
 0.552513
 0.481177
 0.448167
 0.538247
 0.481177
 0.481177
 0.538247
 0.548877
 0.448167
 0.481951
 0.538247
 0.594588
 0.552513
 0.548877
 0.548877
 0.538247
 0.490543
 0.481951
 0.490543
 0.538247
 0.736617
 0.756691
 0.594588
 0.756691
 0.736617
 0.827033
 0.557317
 0.594588
 0.548877
 0.594588
 0.557317
 0.736617
 0.548877
 0.526129
 0.557317
 0.490543
 0.526129
 0.548877
 0.827033
 0.736617
 0.713659
 0.567673
 0.713659
 0.736617
 0.736617
 0.557317
 0.567673
 0.513845
 0.567673
 0.557317
 0.618589
 0.567673
 0.513845
 0.557317
 0.526129
 0.513845
 0.513845
 0.526129
 0.490543
 0.513845
 0.527366
 0.618589
 0.486921
 0.513845
 0.490543
 0.527366
 0.513845
 0.486921
 0.486921
 0.490543
 0.481951
 0.486921
 0.484422
 0.527366
 0.486921
 0.481951
 0.420726
 0.420726
 0.481951
 0.448167
 0.448167
 0.330187
 0.420726
 0.484422
 0.486921
 0.426457
 0.420726
 0.426457
 0.486921
 0.420726
 0.330187
 0.221035
 0.094491
 0.221035
 0.330187
 0.426457
 0.420726
 0.282377
 0.420726
 0.221035
 0.282377
 0.282377
 0.308896
 0.426457
 0.291303
 0.308896
 0.277982
 0.277982
 0.232427
 0.291303
 0.308896
 0.282377
 0.266305
 0.266305
 0.277982
 0.308896
 0.232427
 0.277982
 0.274241
 0.274241
 0.277982
 0.266305
 0.274241
 0.224475
 0.232427
 0.188765
 0.266305
 0.282377
 0.282377
 0.221035
 0.188765
 0.266305
 0.265105
 0.274241
 0.265105
 0.266305
 0.188765
 0.224475
 0.274241
 0.273411
 0.273411
 0.274241
 0.265105
 0.275353
 0.273411
 0.264064
 0.265105
 0.264064
 0.273411
 0.264064
 0.260801
 0.275353
 0.186317
 0.264064
 0.265105
 0.260801
 0.264064
 0.186317
 0.186317
 0.186161
 0.260801
 0.186161
 0.123509
 0.078974
 0.125039
 0.123509
 0.186161
 0.186161
 0.186317
 0.125039
 0.265105
 0.186761
 0.186317
 0.188765
 0.186761
 0.265105
 0.125039
 0.186317
 0.180770
 0.186317
 0.186761
 0.180770
 0.180770
 0.186761
 0.188765
 0.188765
 0.183252
 0.180770
 0.163677
 0.183252
 0.188765
 0.168999
 0.163677
 0.188765
 0.168999
 0.188765
 0.221035
 0.145852
 0.163677
 0.168999
 0.168999
 0.119913
 0.145852
 0.119913
 0.168999
 0.221035
 0.221035
 0.094491
 0.119913
 0.096344
 0.095754
 0.095706
 0.095706
 0.096317
 0.096344
 0.098769
 0.096344
 0.096317
 0.096317
 0.095706
 0.095692
 0.096317
 0.098818
 0.098769
 0.102003
 0.098769
 0.098818
 0.095692
 0.096365
 0.096317
 0.098818
 0.096317
 0.096365
 0.096443
 0.096365
 0.095692
 0.098735
 0.096365
 0.096443
 0.096365
 0.098735
 0.098818
 0.102145
 0.098818
 0.098735
 0.098818
 0.102145
 0.102003
 0.103379
 0.102003
 0.102145
 0.102145
 0.103414
 0.103379
 0.104815
 0.103379
 0.103414
 0.103414
 0.104819
 0.104815
 0.106305
 0.104815
 0.104819
 0.104819
 0.106332
 0.106305
 0.107803
 0.106305
 0.106332
 0.106332
 0.107873
 0.107803
 0.109200
 0.107803
 0.107873
 0.107873
 0.109276
 0.109200
 0.110456
 0.109200
 0.109276
 0.109200
 0.110456
 0.110413
 0.109276
 0.110539
 0.110456
 0.111659
 0.110413
 0.110456
 0.110456
 0.111695
 0.111659
 0.111695
 0.110456
 0.110539
 0.112918
 0.111659
 0.111695
 0.110539
 0.111766
 0.111695
 0.111766
 0.110539
 0.110576
 0.111695
 0.112937
 0.112918
 0.112937
 0.111695
 0.111766
 0.110576
 0.111797
 0.111766
 0.114249
 0.112918
 0.112937
 0.112977
 0.111766
 0.111797
 0.111766
 0.112977
 0.112937
 0.112937
 0.114248
 0.114249
 0.114248
 0.112937
 0.112977
 0.111797
 0.112997
 0.112977
 0.112983
 0.112997
 0.111797
 0.112977
 0.114251
 0.114248
 0.114251
 0.112977
 0.112997
 0.114249
 0.114248
 0.115558
 0.114248
 0.114251
 0.115530
 0.115530
 0.115558
 0.114248
 0.112997
 0.114253
 0.114251
 0.114256
 0.114253
 0.112997
 0.112997
 0.112983
 0.114256
 0.114255
 0.114256
 0.112983
 0.114251
 0.114253
 0.115518
 0.115518
 0.114253
 0.114256
 0.115518
 0.115530
 0.114251
 0.115530
 0.114256
 0.114255
 0.114256
 0.115530
 0.115518
 0.114255
 0.115559
 0.115530
 0.116821
 0.115530
 0.115559
 0.116817
 0.115518
 0.115530
 0.115530
 0.116821
 0.116817
 0.115530
 0.115518
 0.116817
 0.118195
 0.116817
 0.116821
 0.116821
 0.118148
 0.118195
 0.116817
 0.116839
 0.115530
 0.116839
 0.116817
 0.118195
 0.115558
 0.115530
 0.116839
 0.116839
 0.116863
 0.115558
 0.119739
 0.118195
 0.118148
 0.118148
 0.119504
 0.119739
 0.118195
 0.118226
 0.116839
 0.116863
 0.116839
 0.118226
 0.118226
 0.118195
 0.119739
 0.121637
 0.119739
 0.119504
 0.118226
 0.118183
 0.116863
 0.116812
 0.116863
 0.118183
 0.119739
 0.119800
 0.118226
 0.118183
 0.118226
 0.119800
 0.119800
 0.119739
 0.121637
 0.119800
 0.119720
 0.118183
 0.121637
 0.121647
 0.119800
 0.119720
 0.119800
 0.121647
 0.121647
 0.121637
 0.123706
 0.121647
 0.121538
 0.119720
 0.123706
 0.123694
 0.121647
 0.121538
 0.121647
 0.123694
 0.123694
 0.123706
 0.125838
 0.121139
 0.121538
 0.123610
 0.123694
 0.123610
 0.121538
 0.123610
 0.123488
 0.121139
 0.125711
 0.123610
 0.123694
 0.123694
 0.125811
 0.125711
 0.125838
 0.125811
 0.123694
 0.125711
 0.127809
 0.127719
 0.127809
 0.125711
 0.125811
 0.129806
 0.127719
 0.127809
 0.127940
 0.125811
 0.125838
 0.125811
 0.127940
 0.127809
 0.125838
 0.127979
 0.127940
 0.127809
 0.129906
 0.129806
 0.129906
 0.127809
 0.127940
 0.130057
 0.127940
 0.127979
 0.127940
 0.130057
 0.129906
 0.127979
 0.130106
 0.130057
 0.132002
 0.129906
 0.130057
 0.132156
 0.130057
 0.130106
 0.130057
 0.132156
 0.132002
 0.130106
 0.132207
 0.132156
 0.132002
 0.134096
 0.134018
 0.134096
 0.132002
 0.132156
 0.134232
 0.132156
 0.132207
 0.132156
 0.134232
 0.134096
 0.132207
 0.134283
 0.134232
 0.136190
 0.134096
 0.134232
 0.136286
 0.134232
 0.134283
 0.134232
 0.136286
 0.136190
 0.134283
 0.136336
 0.136286
 0.138278
 0.136190
 0.136286
 0.136286
 0.138325
 0.138278
 0.138325
 0.136286
 0.136336
 0.140365
 0.138278
 0.138325
 0.136336
 0.138374
 0.138325
 0.138386
 0.138374
 0.136336
 0.138325
 0.140363
 0.140365
 0.140363
 0.138325
 0.138374
 0.140413
 0.138374
 0.138386
 0.138374
 0.140413
 0.140363
 0.138386
 0.140472
 0.140413
 0.140365
 0.140363
 0.142409
 0.142409
 0.140363
 0.140413
 0.142461
 0.140413
 0.140472
 0.140413
 0.142461
 0.142409
 0.140472
 0.142559
 0.142461
 0.142409
 0.142453
 0.140365
 0.144469
 0.142409
 0.142461
 0.142453
 0.142409
 0.144469
 0.144528
 0.142461
 0.142559
 0.142461
 0.144528
 0.144469
 0.142559
 0.144652
 0.144528
 0.144469
 0.144542
 0.142453
 0.146544
 0.144469
 0.144528
 0.144542
 0.144469
 0.146544
 0.146611
 0.144528
 0.144652
 0.144528
 0.146611
 0.146544
 0.144652
 0.146752
 0.146611
 0.146544
 0.146630
 0.144542
 0.148631
 0.146544
 0.146611
 0.146630
 0.146544
 0.148631
 0.148713
 0.146611
 0.146752
 0.146611
 0.148713
 0.148631
 0.146752
 0.148863
 0.148713
 0.146808
 0.146630
 0.148718
 0.148631
 0.148718
 0.146630
 0.148718
 0.148909
 0.146808
 0.148909
 0.148718
 0.150804
 0.148718
 0.148631
 0.150731
 0.150731
 0.150804
 0.148718
 0.150731
 0.148631
 0.148713
 0.150804
 0.150731
 0.152841
 0.148713
 0.150831
 0.150731
 0.152841
 0.150731
 0.150831
 0.150831
 0.148713
 0.148863
 0.150831
 0.152962
 0.152841
 0.148863
 0.150982
 0.150831
 0.152962
 0.150831
 0.150982
 0.677072
 0.657855
 0.631700
 0.657855
 0.677072
 0.689209
 0.193931
 0.062501
 0.102339
 0.038168
 0.102339
 0.062501
 0.689209
 0.679679
 0.657855
 0.062501
 0.010210
 0.038168
 0.498421
 0.657855
 0.679679
 0.498421
 0.631700
 0.657855
 0.010210
 0.062501
 0.061583
 0.061583
 0.062501
 0.193931
 0.010210
 0.006266
 0.061583
 0.006266
 0.010210
 0.006266
 0.006266
 0.006266
 0.045197
 0.006266
 0.045197
 0.006266
 0.061583
 0.045197
 0.142372
 0.045197
 0.061583
 0.061583
 0.179932
 0.142372
 0.193931
 0.179932
 0.061583
 0.179932
 0.315634
 0.142372
 0.315634
 0.179932
 0.193931
 0.193931
 0.321107
 0.315634
 0.631700
 0.321107
 0.193931
 0.008971
 0.008971
 0.036869
 0.036869
 0.008971
 0.045197
 0.036869
 0.008971
 0.011340
 0.011340
 0.008971
 0.036869
 0.011340
 0.131384
 0.036869
 0.045197
 0.045197
 0.142372
 0.131384
 0.131384
 0.142372
 0.315634
 0.315634
 0.321107
 0.131384
 0.036869
 0.039821
 0.011340
 0.036869
 0.131384
 0.039821
 0.011340
 0.011340
 0.039821
 0.004927
 0.004927
 0.011340
 0.058376
 0.039821
 0.131384
 0.004927
 0.039821
 0.022487
 0.022487
 0.039821
 0.058376
 0.022487
 0.005844
 0.004927
 0.004927
 0.004927
 0.005844
 0.004927
 0.005844
 0.022487
 0.038193
 0.058376
 0.038193
 0.022487
 0.005844
 0.005844
 0.038193
 0.013762
 0.038193
 0.031832
 0.038193
 0.058376
 0.031832
 0.013762
 0.038193
 0.013762
 0.011601
 0.013762
 0.031832
 0.013762
 0.011601
 0.058376
 0.048526
 0.031832
 0.031832
 0.048526
 0.011601
 0.048526
 0.058376
 0.111009
 0.131384
 0.111009
 0.058376
 0.111009
 0.131384
 0.321107
 0.111009
 0.076506
 0.048526
 0.321107
 0.157005
 0.111009
 0.076506
 0.111009
 0.157005
 0.031459
 0.011601
 0.048526
 0.031459
 0.048526
 0.076506
 0.011601
 0.011601
 0.031459
 0.011601
 0.076506
 0.060404
 0.031459
 0.157005
 0.095943
 0.076506
 0.095943
 0.060404
 0.076506
 0.095943
 0.157005
 0.238765
 0.157005
 0.321107
 0.238765
 0.060404
 0.095943
 0.138970
 0.238765
 0.138970
 0.095943
 0.019197
 0.031459
 0.060404
 0.138970
 0.088693
 0.060404
 0.060404
 0.088693
 0.019197
 0.031459
 0.019197
 0.031459
 0.057682
 0.019197
 0.088693
 0.001961
 0.019197
 0.019197
 0.057682
 0.001961
 0.001961
 0.003597
 0.001961
 0.057682
 0.001961
 0.001961
 0.003597
 0.088693
 0.131524
 0.057682
 0.057682
 0.058228
 0.003597
 0.058228
 0.057682
 0.131524
 0.131524
 0.088693
 0.194657
 0.194657
 0.088693
 0.138970
 0.131524
 0.130571
 0.058228
 0.194657
 0.142222
 0.131524
 0.131524
 0.142222
 0.130571
 0.138970
 0.257006
 0.194657
 0.257006
 0.138970
 0.238765
 0.418383
 0.257006
 0.386063
 0.238765
 0.386063
 0.257006
 0.238765
 0.368832
 0.386063
 0.499582
 0.386063
 0.368832
 0.368832
 0.238765
 0.392892
 0.392892
 0.238765
 0.321107
 0.631700
 0.392892
 0.321107
 0.392892
 0.631700
 0.498421
 0.392892
 0.443321
 0.368832
 0.368832
 0.443321
 0.499582
 0.392892
 0.498421
 0.556899
 0.556899
 0.443321
 0.392892
 0.499582
 0.443321
 0.556899
 0.679679
 0.556899
 0.498421
 0.556899
 0.623184
 0.499582
 0.623184
 0.556899
 0.679679
 0.679679
 0.718991
 0.623184
 0.718991
 0.679679
 0.689209
 0.223290
 0.126149
 0.130571
 0.058228
 0.130571
 0.126149
 0.119522
 0.126149
 0.223290
 0.223290
 0.225273
 0.119522
 0.126149
 0.058216
 0.058228
 0.068571
 0.119522
 0.225273
 0.003597
 0.058228
 0.058216
 0.056466
 0.119522
 0.068571
 0.126149
 0.119522
 0.056466
 0.056466
 0.058216
 0.126149
 0.058216
 0.056466
 0.004956
 0.058216
 0.004667
 0.003597
 0.004956
 0.004667
 0.058216
 0.004956
 0.001639
 0.004667
 0.004956
 0.003597
 0.004667
 0.004667
 0.003597
 0.967298
 0.997177
 1.000000
 1.000000
 1.000000
 0.967298
 1.000000
 1.000000
 1.000000
 0.980495
 1.000000
 0.997177
 1.000000
 0.901559
 1.000000
 0.901559
 1.000000
 0.980495
 1.000000
 0.901559
 0.741431
 0.980495
 0.883733
 0.901559
 0.741431
 0.901559
 0.883733
 0.997177
 1.000000
 0.980495
 0.909001
 0.741431
 0.698939
 0.883733
 0.698939
 0.741431
 0.698939
 0.944287
 0.909001
 0.921376
 0.944287
 0.698939
 0.698939
 0.796678
 0.921376
 0.796678
 0.698939
 0.883733
 0.883733
 0.980495
 0.981738
 0.981738
 0.980495
 1.000000
 0.883733
 0.902804
 0.796678
 0.981738
 0.902804
 0.883733
 0.937587
 0.796678
 0.902804
 0.902804
 0.981738
 1.000000
 0.902804
 0.959788
 0.937587
 1.000000
 0.959788
 0.902804
 1.000000
 1.000000
 0.981738
 1.000000
 0.981738
 1.000000
 1.000000
 1.000000
 0.948582
 1.000000
 1.000000
 1.000000
 0.948582
 0.950694
 1.000000
 1.000000
 1.000000
 0.950694
 0.950694
 0.948582
 0.861246
 1.000000
 1.000000
 1.000000
 0.861246
 0.904706
 0.950694
 1.000000
 1.000000
 1.000000
 0.959788
 1.000000
 1.000000
 0.950694
 0.947221
 1.000000
 0.947221
 0.950694
 0.904706
 0.930336
 1.000000
 1.000000
 1.000000
 0.947221
 0.930336
 0.904706
 0.913542
 0.947221
 0.974933
 1.000000
 0.930336
 0.913542
 0.904706
 0.877489
 0.877489
 0.904706
 0.861246
 0.947221
 0.913542
 0.891075
 0.891075
 0.930336
 0.947221
 0.861246
 0.810179
 0.877489
 0.877489
 0.889520
 0.913542
 0.891075
 0.913542
 0.889520
 0.877489
 0.810179
 0.788999
 0.889520
 0.877489
 0.853362
 0.788999
 0.853362
 0.877489
 0.779494
 0.764541
 0.821120
 0.788999
 0.779494
 0.840214
 0.821120
 0.840214
 0.779494
 0.840214
 0.853362
 0.788999
 0.851780
 0.840214
 0.821120
 0.871573
 0.853362
 0.840214
 0.840214
 0.851780
 0.871573
 0.853362
 0.871573
 0.889520
 0.860893
 0.889520
 0.871573
 0.889520
 0.860893
 0.891075
 0.871573
 0.851780
 0.811562
 0.789148
 0.811562
 0.851780
 0.871573
 0.825460
 0.860893
 0.811562
 0.825460
 0.871573
 0.760934
 0.811562
 0.789148
 0.765495
 0.825460
 0.811562
 0.811562
 0.760934
 0.765495
 0.799048
 0.860893
 0.825460
 0.825460
 0.765495
 0.799048
 0.727164
 0.754049
 0.760934
 0.765495
 0.760934
 0.754049
 0.711102
 0.754049
 0.727164
 0.754049
 0.765288
 0.765495
 0.799048
 0.765495
 0.765288
 0.754049
 0.711102
 0.717193
 0.717193
 0.765288
 0.754049
 0.717193
 0.711102
 0.700026
 0.700026
 0.717290
 0.717193
 0.700026
 0.753473
 0.717290
 0.749432
 0.717193
 0.717290
 0.765288
 0.717193
 0.749432
 0.753473
 0.749432
 0.717290
 0.765288
 0.804032
 0.799048
 0.749432
 0.804032
 0.765288
 0.846902
 0.799048
 0.804032
 0.860893
 0.799048
 0.846902
 0.846902
 0.891075
 0.860893
 0.749432
 0.828699
 0.804032
 0.804032
 0.828699
 0.846902
 0.828699
 0.749432
 0.800081
 0.753473
 0.800081
 0.749432
 0.846902
 0.828699
 0.866877
 0.800081
 0.866877
 0.828699
 0.891075
 0.846902
 0.901731
 0.846902
 0.866877
 0.901731
 0.901731
 0.930336
 0.891075
 0.930336
 0.901731
 0.974933
 0.868384
 0.866877
 0.800081
 0.866877
 0.868384
 0.901731
 0.800081
 0.753473
 0.868384
 0.941052
 0.974933
 0.901731
 0.901731
 0.868384
 0.941052
 0.868384
 0.753473
 0.935935
 0.935935
 0.941052
 0.868384
 0.952620
 0.935935
 0.753473
 0.952620
 0.753473
 0.436845
 1.000000
 0.974933
 0.941052
 1.000000
 0.974933
 1.000000
 1.000000
 1.000000
 1.000000
 1.000000
 0.941052
 0.935935
 0.941052
 1.000000
 1.000000
 1.000000
 0.935935
 0.952620
 0.935935
 1.000000
 1.000000
 0.952620
 1.000000
 1.000000
 1.000000
 1.000000
 1.000000
 1.000000
 1.000000
 1.000000
 1.000000
 1.000000
 1.000000
 1.000000
 1.000000
 1.000000
 1.000000
 1.000000
 1.000000
 0.989122
 1.000000
 1.000000
 1.000000
 1.000000
 1.000000
 1.000000
 1.000000
 1.000000
 1.000000
 1.000000
 0.959788
 1.000000
 1.000000
 0.989122
 1.000000
 1.000000
 1.000000
 1.000000
 1.000000
 1.000000
 1.000000
 1.000000
 1.000000
 1.000000
 1.000000
 1.000000
 1.000000
 1.000000
 1.000000
 1.000000
 1.000000
 1.000000
 1.000000
 1.000000
 1.000000
 1.000000
 1.000000
 1.000000
 1.000000
 1.000000
 1.000000
 1.000000
 1.000000
 1.000000
 1.000000
 1.000000
 1.000000
 0.959788
 1.000000
 1.000000
 1.000000
 0.937587
 0.959788
 1.000000
 0.985448
 1.000000
 0.494522
 0.506381
 0.504631
 0.504631
 0.490350
 0.494522
 0.484254
 0.494522
 0.490350
 0.506369
 0.504631
 0.506381
 0.506381
 0.508091
 0.506369
 0.490350
 0.484141
 0.484254
 0.473664
 0.484254
 0.484141
 0.498450
 0.506369
 0.508091
 0.508091
 0.500030
 0.498450
 0.484141
 0.474425
 0.473664
 0.470654
 0.473664
 0.474425
 0.483005
 0.498450
 0.500030
 0.500030
 0.483334
 0.483005
 0.474425
 0.471687
 0.470654
 0.473120
 0.470654
 0.471687
 0.480471
 0.483005
 0.483334
 0.483334
 0.479866
 0.480471
 0.479866
 0.473120
 0.474014
 0.474014
 0.480471
 0.479866
 0.471687
 0.474014
 0.473120
 0.483005
 0.480471
 0.481447
 0.480471
 0.474014
 0.476931
 0.476931
 0.481447
 0.480471
 0.474014
 0.471687
 0.475169
 0.475169
 0.476931
 0.474014
 0.481447
 0.484948
 0.483005
 0.498450
 0.483005
 0.484948
 0.481447
 0.476931
 0.479323
 0.484948
 0.492773
 0.498450
 0.506369
 0.498450
 0.492773
 0.484948
 0.481447
 0.482465
 0.479323
 0.482465
 0.481447
 0.492773
 0.484948
 0.485948
 0.482465
 0.485948
 0.484948
 0.492773
 0.500668
 0.506369
 0.504631
 0.506369
 0.500668
 0.485948
 0.491393
 0.492773
 0.500668
 0.492773
 0.491393
 0.500668
 0.499522
 0.504631
 0.490350
 0.504631
 0.499522
 0.491393
 0.496127
 0.500668
 0.499522
 0.500668
 0.496127
 0.499522
 0.490447
 0.490350
 0.484141
 0.490350
 0.490447
 0.496127
 0.495418
 0.499522
 0.490447
 0.499522
 0.495418
 0.490447
 0.484418
 0.484141
 0.474425
 0.484141
 0.484418
 0.495418
 0.489900
 0.490447
 0.484418
 0.490447
 0.489900
 0.484418
 0.477558
 0.474425
 0.471687
 0.474425
 0.477558
 0.477558
 0.475169
 0.471687
 0.477558
 0.484418
 0.484911
 0.489900
 0.484911
 0.484418
 0.475169
 0.477558
 0.480161
 0.484911
 0.480161
 0.477558
 0.480161
 0.478239
 0.475169
 0.476931
 0.475169
 0.478239
 0.478239
 0.479323
 0.476931
 0.480161
 0.484911
 0.485706
 0.478239
 0.480161
 0.483296
 0.485706
 0.483296
 0.480161
 0.479323
 0.478239
 0.482160
 0.483296
 0.482160
 0.478239
 0.488460
 0.485706
 0.484911
 0.484911
 0.489900
 0.488460
 0.483296
 0.485706
 0.486388
 0.485706
 0.488460
 0.486388
 0.482160
 0.483296
 0.486388
 0.490723
 0.488460
 0.489900
 0.488460
 0.490723
 0.486388
 0.489900
 0.495418
 0.490723
 0.482160
 0.482575
 0.479323
 0.482575
 0.482160
 0.486388
 0.482465
 0.479323
 0.482575
 0.491026
 0.490723
 0.495418
 0.490723
 0.491026
 0.486388
 0.495418
 0.496127
 0.491026
 0.482575
 0.484225
 0.482465
 0.484225
 0.482575
 0.486388
 0.485948
 0.482465
 0.484225
 0.489184
 0.491026
 0.496127
 0.491026
 0.489184
 0.486388
 0.496127
 0.491393
 0.489184
 0.486531
 0.484225
 0.486388
 0.489184
 0.486531
 0.486388
 0.484225
 0.486531
 0.485948
 0.486531
 0.489184
 0.491393
 0.491393
 0.485948
 0.486531
 0.565308
 0.565401
 0.565492
 0.565492
 0.565401
 0.565308
 0.565378
 0.565308
 0.565401
 0.565739
 0.565492
 0.565401
 0.565401
 0.565654
 0.565739
 0.565401
 0.565470
 0.565378
 0.565606
 0.565378
 0.565470
 0.566132
 0.565739
 0.565654
 0.565654
 0.566060
 0.566132
 0.565470
 0.565692
 0.565606
 0.565989
 0.565606
 0.565692
 0.566718
 0.566132
 0.566060
 0.566060
 0.566692
 0.566718
 0.565692
 0.566063
 0.565989
 0.566607
 0.565989
 0.566063
 0.567523
 0.566718
 0.566692
 0.566692
 0.567735
 0.567523
 0.566063
 0.566655
 0.566607
 0.567562
 0.566607
 0.566655
 0.569030
 0.567523
 0.567735
 0.567735
 0.569093
 0.569030
 0.566655
 0.567583
 0.567562
 0.568450
 0.567562
 0.567583
 0.570001
 0.569030
 0.569093
 0.569093
 0.570098
 0.570001
 0.567583
 0.568423
 0.568450
 0.569445
 0.568450
 0.568423
 0.570622
 0.570001
 0.570098
 0.570098
 0.570745
 0.570622
 0.568423
 0.569389
 0.569445
 0.569969
 0.569445
 0.569389
 0.570903
 0.570622
 0.570745
 0.570745
 0.571035
 0.570903
 0.569389
 0.569762
 0.569969
 0.570453
 0.569969
 0.569762
 0.570811
 0.570903
 0.571035
 0.571035
 0.570944
 0.570811
 0.570944
 0.570453
 0.570216
 0.570216
 0.570811
 0.570944
 0.569762
 0.570216
 0.570453
 0.570903
 0.570811
 0.570322
 0.570811
 0.570216
 0.569934
 0.569934
 0.570322
 0.570811
 0.570216
 0.569762
 0.569529
 0.569529
 0.569934
 0.570216
 0.570322
 0.570390
 0.570903
 0.570622
 0.570903
 0.570390
 0.570322
 0.569934
 0.569644
 0.570390
 0.570145
 0.570622
 0.570001
 0.570622
 0.570145
 0.570390
 0.570322
 0.569911
 0.569644
 0.569911
 0.570322
 0.570145
 0.570390
 0.569949
 0.569911
 0.569949
 0.570390
 0.570145
 0.569609
 0.570001
 0.569030
 0.570001
 0.569609
 0.569949
 0.569737
 0.570145
 0.569609
 0.570145
 0.569737
 0.569609
 0.568792
 0.569030
 0.567523
 0.569030
 0.568792
 0.569737
 0.569285
 0.569609
 0.568792
 0.569609
 0.569285
 0.568792
 0.567720
 0.567523
 0.566718
 0.567523
 0.567720
 0.569285
 0.568621
 0.568792
 0.567720
 0.568792
 0.568621
 0.567720
 0.566974
 0.566718
 0.566132
 0.566718
 0.566974
 0.568621
 0.567823
 0.567720
 0.566974
 0.567720
 0.567823
 0.566974
 0.566432
 0.566132
 0.565739
 0.566132
 0.566432
 0.567823
 0.567179
 0.566974
 0.566432
 0.566974
 0.567179
 0.566432
 0.566060
 0.565739
 0.565492
 0.565739
 0.566060
 0.567179
 0.566693
 0.566432
 0.566060
 0.566432
 0.566693
 0.566060
 0.565832
 0.565492
 0.565401
 0.565492
 0.565832
 0.566693
 0.566353
 0.566060
 0.565832
 0.566060
 0.566353
 0.565832
 0.565748
 0.565401
 0.565470
 0.565401
 0.565748
 0.566353
 0.566144
 0.565832
 0.565748
 0.565832
 0.566144
 0.565748
 0.565810
 0.565470
 0.565692
 0.565470
 0.565810
 0.566144
 0.566067
 0.565748
 0.565810
 0.565748
 0.566067
 0.565810
 0.566014
 0.565692
 0.566063
 0.565692
 0.566014
 0.566067
 0.566122
 0.565810
 0.566014
 0.565810
 0.566122
 0.566014
 0.566365
 0.566063
 0.566655
 0.566063
 0.566365
 0.566122
 0.566306
 0.566014
 0.566365
 0.566014
 0.566306
 0.566365
 0.566896
 0.566655
 0.567583
 0.566655
 0.566896
 0.566306
 0.566624
 0.566365
 0.566896
 0.566365
 0.566624
 0.566896
 0.567629
 0.567583
 0.568423
 0.567583
 0.567629
 0.566624
 0.567085
 0.566896
 0.567629
 0.566896
 0.567085
 0.567629
 0.568359
 0.568423
 0.569389
 0.568423
 0.568359
 0.567085
 0.567677
 0.567629
 0.568359
 0.567629
 0.567677
 0.568359
 0.569092
 0.569389
 0.569762
 0.569389
 0.569092
 0.569092
 0.569529
 0.569762
 0.569092
 0.568359
 0.568289
 0.567677
 0.568289
 0.568359
 0.569529
 0.569092
 0.568873
 0.568289
 0.568873
 0.569092
 0.568873
 0.569295
 0.569529
 0.569934
 0.569529
 0.569295
 0.569295
 0.569644
 0.569934
 0.568873
 0.568289
 0.568206
 0.569295
 0.568873
 0.568651
 0.568206
 0.568651
 0.568873
 0.569644
 0.569295
 0.569007
 0.568651
 0.569007
 0.569295
 0.567733
 0.568206
 0.568289
 0.568289
 0.567677
 0.567733
 0.568651
 0.568206
 0.568142
 0.567281
 0.567733
 0.567677
 0.567677
 0.567085
 0.567281
 0.568206
 0.567733
 0.567773
 0.567773
 0.568142
 0.568206
 0.567733
 0.567281
 0.567421
 0.567421
 0.567773
 0.567733
 0.566910
 0.567281
 0.567085
 0.567085
 0.566624
 0.566910
 0.567124
 0.567421
 0.567281
 0.567281
 0.566910
 0.567124
 0.566644
 0.566910
 0.566624
 0.566624
 0.566306
 0.566644
 0.566906
 0.567124
 0.566910
 0.566910
 0.566644
 0.566906
 0.566488
 0.566644
 0.566306
 0.566306
 0.566122
 0.566488
 0.566776
 0.566906
 0.566644
 0.566644
 0.566488
 0.566776
 0.566443
 0.566488
 0.566122
 0.566122
 0.566067
 0.566443
 0.566739
 0.566776
 0.566488
 0.566488
 0.566443
 0.566739
 0.566510
 0.566443
 0.566067
 0.566067
 0.566144
 0.566510
 0.566797
 0.566739
 0.566443
 0.566443
 0.566510
 0.566797
 0.566690
 0.566510
 0.566144
 0.566144
 0.566353
 0.566690
 0.566950
 0.566797
 0.566510
 0.566510
 0.566690
 0.566950
 0.566981
 0.566690
 0.566353
 0.566353
 0.566693
 0.566981
 0.567192
 0.566950
 0.566690
 0.566690
 0.566981
 0.567192
 0.567383
 0.566981
 0.566693
 0.566693
 0.567179
 0.567383
 0.567519
 0.567192
 0.566981
 0.566981
 0.567383
 0.567519
 0.567886
 0.567383
 0.567179
 0.567179
 0.567823
 0.567886
 0.567910
 0.567519
 0.567383
 0.567383
 0.567886
 0.567910
 0.568451
 0.567886
 0.567823
 0.567823
 0.568621
 0.568451
 0.568327
 0.567910
 0.567886
 0.567886
 0.568451
 0.568327
 0.568943
 0.568451
 0.568621
 0.568621
 0.569285
 0.568943
 0.568697
 0.568327
 0.568451
 0.568451
 0.568943
 0.568697
 0.569293
 0.568943
 0.569285
 0.569285
 0.569737
 0.569293
 0.568967
 0.568697
 0.568943
 0.568943
 0.569293
 0.568967
 0.569467
 0.569293
 0.569737
 0.569737
 0.569949
 0.569467
 0.569108
 0.568967
 0.569293
 0.569293
 0.569467
 0.569108
 0.569456
 0.569467
 0.569949
 0.569949
 0.569911
 0.569456
 0.569111
 0.569108
 0.569467
 0.569467
 0.569456
 0.569111
 0.569282
 0.569456
 0.569911
 0.569911
 0.569644
 0.569282
 0.569007
 0.569282
 0.569644
 0.569456
 0.569282
 0.568991
 0.568991
 0.569111
 0.569456
 0.569282
 0.569007
 0.568776
 0.568776
 0.568991
 0.569282
 0.568488
 0.568776
 0.569007
 0.569007
 0.568651
 0.568488
 0.568142
 0.568488
 0.568651
 0.568991
 0.568776
 0.568436
 0.568776
 0.568488
 0.568259
 0.568259
 0.568436
 0.568776
 0.568488
 0.568142
 0.568048
 0.568048
 0.568259
 0.568488
 0.568436
 0.568563
 0.568991
 0.569111
 0.568991
 0.568563
 0.568436
 0.568259
 0.568135
 0.568563
 0.568627
 0.569111
 0.569108
 0.569111
 0.568627
 0.568563
 0.568436
 0.568251
 0.568135
 0.568251
 0.568436
 0.568627
 0.568563
 0.568333
 0.568251
 0.568333
 0.568563
 0.568627
 0.568616
 0.569108
 0.568967
 0.569108
 0.568616
 0.568333
 0.568372
 0.568627
 0.568616
 0.568627
 0.568372
 0.568616
 0.568528
 0.568967
 0.568697
 0.568967
 0.568528
 0.568372
 0.568362
 0.568616
 0.568528
 0.568616
 0.568362
 0.568528
 0.568368
 0.568697
 0.568327
 0.568697
 0.568368
 0.568362
 0.568303
 0.568528
 0.568368
 0.568528
 0.568303
 0.568368
 0.568155
 0.568327
 0.567910
 0.568327
 0.568155
 0.568303
 0.568200
 0.568368
 0.568155
 0.568368
 0.568200
 0.568155
 0.567916
 0.567910
 0.567519
 0.567910
 0.567916
 0.568200
 0.568064
 0.568155
 0.567916
 0.568155
 0.568064
 0.567916
 0.567682
 0.567519
 0.567192
 0.567519
 0.567682
 0.568064
 0.567911
 0.567916
 0.567682
 0.567916
 0.567911
 0.567682
 0.567478
 0.567192
 0.566950
 0.567192
 0.567478
 0.567911
 0.567759
 0.567682
 0.567478
 0.567682
 0.567759
 0.567478
 0.567319
 0.566950
 0.566797
 0.566950
 0.567319
 0.567759
 0.567623
 0.567478
 0.567319
 0.567478
 0.567623
 0.567319
 0.567217
 0.566797
 0.566739
 0.566797
 0.567217
 0.567623
 0.567515
 0.567319
 0.567217
 0.567319
 0.567515
 0.567217
 0.567177
 0.566739
 0.566776
 0.566739
 0.567177
 0.567515
 0.567445
 0.567217
 0.567177
 0.567217
 0.567445
 0.567177
 0.567200
 0.566776
 0.566906
 0.566776
 0.567200
 0.567445
 0.567416
 0.567177
 0.567200
 0.567177
 0.567416
 0.567200
 0.567284
 0.566906
 0.567124
 0.566906
 0.567284
 0.567416
 0.567431
 0.567200
 0.567284
 0.567200
 0.567431
 0.567284
 0.567423
 0.567124
 0.567421
 0.567124
 0.567423
 0.567431
 0.567488
 0.567284
 0.567423
 0.567284
 0.567488
 0.567423
 0.567609
 0.567421
 0.567773
 0.567421
 0.567609
 0.567488
 0.567582
 0.567423
 0.567609
 0.567423
 0.567582
 0.567609
 0.567824
 0.567773
 0.568142
 0.567773
 0.567824
 0.567824
 0.568048
 0.568142
 0.567824
 0.567609
 0.567706
 0.567582
 0.567706
 0.567609
 0.568048
 0.567824
 0.567849
 0.567706
 0.567849
 0.567824
 0.567849
 0.567996
 0.568048
 0.568259
 0.568048
 0.567996
 0.567996
 0.568135
 0.568259
 0.567849
 0.567706
 0.567798
 0.567996
 0.567849
 0.567870
 0.567798
 0.567870
 0.567849
 0.568135
 0.567996
 0.567943
 0.567870
 0.567943
 0.567996
 0.567736
 0.567798
 0.567706
 0.567706
 0.567582
 0.567736
 0.567870
 0.567798
 0.567887
 0.567798
 0.567736
 0.567887
 0.567943
 0.567870
 0.567887
 0.567688
 0.567736
 0.567582
 0.567582
 0.567488
 0.567688
 0.567736
 0.567688
 0.567887
 0.567659
 0.567688
 0.567488
 0.567688
 0.567659
 0.567887
 0.567488
 0.567431
 0.567659
 0.567652
 0.567659
 0.567431
 0.567659
 0.567652
 0.567887
 0.567431
 0.567416
 0.567652
 0.567667
 0.567652
 0.567416
 0.567652
 0.567667
 0.567887
 0.567416
 0.567445
 0.567667
 0.567704
 0.567667
 0.567445
 0.567667
 0.567704
 0.567887
 0.567445
 0.567515
 0.567704
 0.567759
 0.567704
 0.567515
 0.567704
 0.567759
 0.567887
 0.567515
 0.567623
 0.567759
 0.567827
 0.567759
 0.567623
 0.567759
 0.567827
 0.567887
 0.567623
 0.567759
 0.567827
 0.567902
 0.567827
 0.567759
 0.567827
 0.567902
 0.567887
 0.567759
 0.567911
 0.567902
 0.567975
 0.567902
 0.567911
 0.567902
 0.567975
 0.567887
 0.567911
 0.568064
 0.567975
 0.568041
 0.567975
 0.568064
 0.567975
 0.568041
 0.567887
 0.568064
 0.568200
 0.568041
 0.568091
 0.568041
 0.568200
 0.568041
 0.568091
 0.567887
 0.568200
 0.568303
 0.568091
 0.568120
 0.568091
 0.568303
 0.568091
 0.568120
 0.567887
 0.568303
 0.568362
 0.568120
 0.568126
 0.568120
 0.568362
 0.568120
 0.568126
 0.567887
 0.568362
 0.568372
 0.568126
 0.568108
 0.568126
 0.568372
 0.568126
 0.568108
 0.567887
 0.568372
 0.568333
 0.568108
 0.568069
 0.568108
 0.568333
 0.568108
 0.568069
 0.567887
 0.568333
 0.568251
 0.568069
 0.568069
 0.568012
 0.567887
 0.568012
 0.568069
 0.568251
 0.568012
 0.567943
 0.567887
 0.568251
 0.568135
 0.568012
 0.567943
 0.568012
 0.568135
 0.389434
 0.392730
 0.392007
 0.392007
 0.388996
 0.389434
 0.381866
 0.389434
 0.388996
 0.391092
 0.392007
 0.392730
 0.392730
 0.391781
 0.391092
 0.388996
 0.381792
 0.381866
 0.377553
 0.381866
 0.381792
 0.384937
 0.391092
 0.391781
 0.391781
 0.385996
 0.384937
 0.381792
 0.378293
 0.377553
 0.373821
 0.377553
 0.378293
 0.377661
 0.384937
 0.385996
 0.385996
 0.377474
 0.377661
 0.378293
 0.374370
 0.373821
 0.373339
 0.373821
 0.374370
 0.374147
 0.377661
 0.377474
 0.377474
 0.373558
 0.374147
 0.373558
 0.373339
 0.374648
 0.374648
 0.374147
 0.373558
 0.374370
 0.374648
 0.373339
 0.377661
 0.374147
 0.376111
 0.374147
 0.374648
 0.375932
 0.375932
 0.376111
 0.374147
 0.374648
 0.374370
 0.376205
 0.376205
 0.375932
 0.374648
 0.376111
 0.378988
 0.377661
 0.384937
 0.377661
 0.378988
 0.376111
 0.375932
 0.377298
 0.378988
 0.384216
 0.384937
 0.391092
 0.384937
 0.384216
 0.378988
 0.376111
 0.377765
 0.377298
 0.377765
 0.376111
 0.384216
 0.378988
 0.379996
 0.377765
 0.379996
 0.378988
 0.384216
 0.388612
 0.391092
 0.392007
 0.391092
 0.388612
 0.379996
 0.383575
 0.384216
 0.388612
 0.384216
 0.383575
 0.388612
 0.389460
 0.392007
 0.388996
 0.392007
 0.389460
 0.383575
 0.386554
 0.388612
 0.389460
 0.388612
 0.386554
 0.389460
 0.387157
 0.388996
 0.381792
 0.388996
 0.387157
 0.386554
 0.387241
 0.389460
 0.387157
 0.389460
 0.387241
 0.387157
 0.382242
 0.381792
 0.378293
 0.381792
 0.382242
 0.387241
 0.385624
 0.387157
 0.382242
 0.387157
 0.385624
 0.382242
 0.379018
 0.378293
 0.374370
 0.378293
 0.379018
 0.379018
 0.376205
 0.374370
 0.379018
 0.382242
 0.382390
 0.385624
 0.382390
 0.382242
 0.376205
 0.379018
 0.379755
 0.382390
 0.379755
 0.379018
 0.379755
 0.377745
 0.376205
 0.375932
 0.376205
 0.377745
 0.377745
 0.377298
 0.375932
 0.379755
 0.382390
 0.382259
 0.377745
 0.379755
 0.380764
 0.382259
 0.380764
 0.379755
 0.377298
 0.377745
 0.379675
 0.380764
 0.379675
 0.377745
 0.383752
 0.382259
 0.382390
 0.382390
 0.385624
 0.383752
 0.380764
 0.382259
 0.381794
 0.382259
 0.383752
 0.381794
 0.379675
 0.380764
 0.381794
 0.384496
 0.383752
 0.385624
 0.383752
 0.384496
 0.381794
 0.385624
 0.387241
 0.384496
 0.379675
 0.379341
 0.377298
 0.379341
 0.379675
 0.381794
 0.377765
 0.377298
 0.379341
 0.384119
 0.384496
 0.387241
 0.384496
 0.384119
 0.381794
 0.387241
 0.386554
 0.384119
 0.379341
 0.379776
 0.377765
 0.379776
 0.379341
 0.381794
 0.379996
 0.377765
 0.379776
 0.382736
 0.384119
 0.386554
 0.384119
 0.382736
 0.381794
 0.386554
 0.383575
 0.382736
 0.381027
 0.379776
 0.381794
 0.382736
 0.381027
 0.381794
 0.379776
 0.381027
 0.379996
 0.381027
 0.382736
 0.383575
 0.383575
 0.379996
 0.381027
 0.944287
 0.921376
 0.959892
 0.009187
 0.027800
 0.078974
 0.057170
 0.078974
 0.001639
 0.030921
 0.030921
 0.068571
 0.078974
 0.068571
 0.068571
 0.105598
 0.078974
 0.105598
 0.068571
 0.118952
 0.068571
 0.092986
 0.118952
 0.321443
 0.320901
 0.321989
 0.321989
 0.322066
 0.321443
 0.322066
 0.321989
 0.322931
 0.322931
 0.322952
 0.322066
 0.323229
 0.322952
 0.322931
 0.322931
 0.323154
 0.323229
 0.323229
 0.323154
 0.324323
 0.320901
 0.321395
 0.321353
 0.321353
 0.321989
 0.320901
 0.324052
 0.324323
 0.323154
 0.324965
 0.324323
 0.324052
 0.324052
 0.324522
 0.324965
 0.324965
 0.324522
 0.325589
 0.325589
 0.326151
 0.324965
 0.326697
 0.327352
 0.326151
 0.327352
 0.326697
 0.327889
 0.327889
 0.328495
 0.327352
 0.328495
 0.327889
 0.329063
 0.329063
 0.329572
 0.328495
 0.334953
 0.334999
 0.333852
 0.336159
 0.334999
 0.334953
 0.334953
 0.336170
 0.336159
 0.337325
 0.336159
 0.336170
 0.336170
 0.337376
 0.337325
 0.338495
 0.337325
 0.337376
 0.337376
 0.338571
 0.338495
 0.339684
 0.338495
 0.338571
 0.338571
 0.339764
 0.339684
 0.340875
 0.339684
 0.339764
 0.342054
 0.340875
 0.340951
 0.340951
 0.342110
 0.342054
 0.343233
 0.342054
 0.342110
 0.342110
 0.343262
 0.343233
 0.344412
 0.343233
 0.343262
 0.343262
 0.344416
 0.344412
 0.344412
 0.344416
 0.345567
 0.345567
 0.345586
 0.344412
 0.346737
 0.346772
 0.345586
 0.346772
 0.346737
 0.347916
 0.347916
 0.347965
 0.346772
 0.349083
 0.349141
 0.347965
 0.349141
 0.349083
 0.350241
 0.350241
 0.350307
 0.349141
 0.350307
 0.350241
 0.351410
 0.351410
 0.351474
 0.350307
 0.352603
 0.352665
 0.351474
 0.352665
 0.352603
 0.353823
 0.353823
 0.353874
 0.352665
 0.353874
 0.353823
 0.355053
 0.355053
 0.355090
 0.353874
 0.355090
 0.355053
 0.356280
 0.356280
 0.356297
 0.355090
 0.356297
 0.356280
 0.357511
 0.357511
 0.357501
 0.356297
 0.359973
 0.358725
 0.358761
 0.358761
 0.360048
 0.359973
 0.361242
 0.359973
 0.360048
 0.360048
 0.361363
 0.361242
 0.362498
 0.361242
 0.361363
 0.361363
 0.362676
 0.362498
 0.363739
 0.362498
 0.362676
 0.371658
 0.370305
 0.370667
 0.370667
 0.371981
 0.371658
 0.372885
 0.371658
 0.371981
 0.375016
 0.374107
 0.372885
 0.374107
 0.375016
 0.377174
 0.377174
 0.375241
 0.374107
 0.380203
 0.376084
 0.375241
 0.373401
 0.373828
 0.375241
 0.375241
 0.373828
 0.373455
 0.375241
 0.376084
 0.373401
 0.373455
 0.374107
 0.375241
 0.372717
 0.372885
 0.374107
 0.372885
 0.372717
 0.371531
 0.371531
 0.371658
 0.372885
 0.370311
 0.370305
 0.371658
 0.370305
 0.370311
 0.369002
 0.369002
 0.368932
 0.370305
 0.368932
 0.369002
 0.367708
 0.367708
 0.367591
 0.368932
 0.367591
 0.367708
 0.366376
 0.366376
 0.366301
 0.367591
 0.366301
 0.366376
 0.365090
 0.365090
 0.365011
 0.366301
 0.365011
 0.365090
 0.363808
 0.363808
 0.363739
 0.365011
 0.363739
 0.363808
 0.362532
 0.362532
 0.362498
 0.363739
 0.358725
 0.359973
 0.359986
 0.359986
 0.358742
 0.358725
 0.357501
 0.358725
 0.358742
 0.358742
 0.357524
 0.357501
 0.357501
 0.357524
 0.356321
 0.356321
 0.356297
 0.357501
 0.351492
 0.351474
 0.352665
 0.351474
 0.351492
 0.350321
 0.350321
 0.350307
 0.351474
 0.347963
 0.347965
 0.349141
 0.347965
 0.347963
 0.346758
 0.346758
 0.346772
 0.347965
 0.345586
 0.346772
 0.346758
 0.346758
 0.345555
 0.345586
 0.344412
 0.345586
 0.345555
 0.340875
 0.342054
 0.341980
 0.341980
 0.340800
 0.340875
 0.339684
 0.340875
 0.340800
 0.333901
 0.333852
 0.334999
 0.333852
 0.333901
 0.332795
 0.332795
 0.332733
 0.333852
 0.332733
 0.332795
 0.331750
 0.331750
 0.331674
 0.332733
 0.331674
 0.331750
 0.330722
 0.330722
 0.330636
 0.331674
 0.330636
 0.330722
 0.329671
 0.329671
 0.329572
 0.330636
 0.329572
 0.329671
 0.328621
 0.328621
 0.328495
 0.329572
 0.326303
 0.326151
 0.327352
 0.326151
 0.326303
 0.325060
 0.325060
 0.324965
 0.326151
 0.018224
 0.018224
 0.137102
 0.052293
 0.052293
 0.004032
 0.004032
 0.000646
 0.003135
 0.002330
 0.002358
 0.002358
 0.003173
 0.003135
 0.003135
 0.003173
 0.003993
 0.003993
 0.003863
 0.003135
 0.017649
 0.014965
 0.015208
 0.015208
 0.017762
 0.017649
 0.020239
 0.017649
 0.017762
 0.025406
 0.022818
 0.022902
 0.022902
 0.025484
 0.025406
 0.027998
 0.025406
 0.025484
 0.025484
 0.028074
 0.027998
 0.030591
 0.027998
 0.028074
 0.035732
 0.033171
 0.033236
 0.033236
 0.035797
 0.035732
 0.038277
 0.035732
 0.035797
 0.052284
 0.050822
 0.050895
 0.050895
 0.052276
 0.052284
 0.052284
 0.052276
 0.053540
 0.053540
 0.053599
 0.052284
 0.053599
 0.053540
 0.054813
 0.054813
 0.054918
 0.053599
 0.054918
 0.054813
 0.056098
 0.056098
 0.056235
 0.054918
 0.053515
 0.054808
 0.054767
 0.056235
 0.056098
 0.057394
 0.057394
 0.057549
 0.056235
 0.058693
 0.058861
 0.057549
 0.058861
 0.058693
 0.059944
 0.059944
 0.060132
 0.058861
 0.060132
 0.059944
 0.061136
 0.061136
 0.061397
 0.060132
 0.061397
 0.061136
 0.062244
 0.062244
 0.062769
 0.061397
 0.062651
 0.063414
 0.062769
 0.063414
 0.062651
 0.063000
 0.063000
 0.064214
 0.063414
 0.063174
 0.064426
 0.064214
 0.064214
 0.063000
 0.063174
 0.063471
 0.062769
 0.063414
 0.062769
 0.063471
 0.061664
 0.061664
 0.061397
 0.062769
 0.057649
 0.057549
 0.058861
 0.057549
 0.057649
 0.056319
 0.056319
 0.056235
 0.057549
 0.054808
 0.053515
 0.053565
 0.050822
 0.052284
 0.052251
 0.052220
 0.053565
 0.053515
 0.053515
 0.052226
 0.052220
 0.052251
 0.050671
 0.050822
 0.048315
 0.050822
 0.050671
 0.050671
 0.048105
 0.048315
 0.045816
 0.048315
 0.048105
 0.048105
 0.045584
 0.045816
 0.043315
 0.045816
 0.045584
 0.045584
 0.043079
 0.043315
 0.040804
 0.043315
 0.043079
 0.043079
 0.040574
 0.040804
 0.038277
 0.040804
 0.040574
 0.040574
 0.038063
 0.038277
 0.035732
 0.038277
 0.038063
 0.033171
 0.035732
 0.035547
 0.035547
 0.033029
 0.033171
 0.030591
 0.033171
 0.033029
 0.033029
 0.030508
 0.030591
 0.027998
 0.030591
 0.030508
 0.022918
 0.022818
 0.025406
 0.022818
 0.022918
 0.020375
 0.020375
 0.020239
 0.022818
 0.020239
 0.020375
 0.017827
 0.017827
 0.017649
 0.020239
 0.015289
 0.014965
 0.017649
 0.014965
 0.015289
 0.012878
 0.012878
 0.012562
 0.014965
 0.012562
 0.012878
 0.010594
 0.010594
 0.010386
 0.012562
 0.008430
 0.010386
 0.010594
 0.010594
 0.008292
 0.008430
 0.006881
 0.008430
 0.008292
 0.008292
 0.006721
 0.006881
 0.005716
 0.006881
 0.006721
 0.006721
 0.005828
 0.005716
 0.004729
 0.005716
 0.005828
 0.005828
 0.004876
 0.004729
 0.003863
 0.004729
 0.004876
 0.004876
 0.003987
 0.003863
 0.003135
 0.003863
 0.003987
 0.002355
 0.002330
 0.003135
 0.002330
 0.002355
 0.001544
 0.001544
 0.001505
 0.002330
 0.001505
 0.001544
 0.000736
 0.000736
 0.000646
 0.001505
 0.000646
 0.000736
 0.000646
 0.109192
 0.109153
 0.110413
 0.110413
 0.110455
 0.109192
 0.110455
 0.110413
 0.111659
 0.111659
 0.111699
 0.110455
 0.111699
 0.111659
 0.112918
 0.112918
 0.112942
 0.111699
 0.112942
 0.112918
 0.114249
 0.114249
 0.114255
 0.112942
 0.115559
 0.114255
 0.114249
 0.114249
 0.115563
 0.115559
 0.115563
 0.116812
 0.116848
 0.118131
 0.116848
 0.116812
 0.116812
 0.117840
 0.118131
 0.119296
 0.121139
 0.121478
 0.123565
 0.121478
 0.121139
 0.121139
 0.123488
 0.123565
 0.123565
 0.123488
 0.125629
 0.125669
 0.125629
 0.127719
 0.127719
 0.127765
 0.125669
 0.127765
 0.127719
 0.129806
 0.129806
 0.129863
 0.127765
 0.129863
 0.129806
 0.131904
 0.131968
 0.131904
 0.134018
 0.134018
 0.134085
 0.131968
 0.134085
 0.134018
 0.136149
 0.144749
 0.144695
 0.146808
 0.146808
 0.146864
 0.144749
 0.146864
 0.146808
 0.148909
 0.148909
 0.148974
 0.146864
 0.148974
 0.148909
 0.151000
 0.151000
 0.151078
 0.148974
 0.151078
 0.151000
 0.153085
 0.153085
 0.153181
 0.151078
 0.153181
 0.153085
 0.155171
 0.157327
 0.157265
 0.159377
 0.159377
 0.159365
 0.157327
 0.161405
 0.159365
 0.159377
 0.159377
 0.161499
 0.161405
 0.155171
 0.154995
 0.157139
 0.154995
 0.155171
 0.153085
 0.157139
 0.157265
 0.155171
 0.157265
 0.157139
 0.159324
 0.159324
 0.159377
 0.157265
 0.161499
 0.159377
 0.159324
 0.159324
 0.161524
 0.161499
 0.163687
 0.161499
 0.161524
 0.172763
 0.170468
 0.170586
 0.170586
 0.172786
 0.172763
 0.175159
 0.172763
 0.172786
 0.172786
 0.174913
 0.175159
 0.177989
 0.175159
 0.174913
 0.174913
 0.176913
 0.177989
 0.180256
 0.177989
 0.176913
 0.176913
 0.177668
 0.180256
 0.182161
 0.180256
 0.177668
 0.182161
 0.182335
 0.184537
 0.184537
 0.184406
 0.182161
 0.180256
 0.182161
 0.184406
 0.170468
 0.172763
 0.172536
 0.172536
 0.170218
 0.170468
 0.168204
 0.170468
 0.170218
 0.170218
 0.167952
 0.168204
 0.165948
 0.168204
 0.167952
 0.167952
 0.165717
 0.165948
 0.163687
 0.165948
 0.165717
 0.165717
 0.163509
 0.163687
 0.161499
 0.163687
 0.163509
 0.000468
 0.049154
 0.049154
 0.000468
 0.008842
 0.008842
 0.058951
 0.049154
 0.058951
 0.008842
 0.034560
 0.034560
 0.085976
 0.058951
 0.039865
 0.094178
 0.085976
 0.094178
 0.039865
 0.050306
 0.050306
 0.094491
 0.094178
 0.094491
 0.050306
 0.009616
 0.009616
 0.038183
 0.094491
 0.009187
 0.009187
 0.027800
 0.027800
 0.026670
 0.026670
 0.027800
 0.057170
 0.057170
 0.076464
 0.026670
 0.076464
 0.057170
 0.078974
 0.078974
 0.123509
 0.076464
 0.076759
 0.076464
 0.123509
 0.123509
 0.125039
 0.076759
 0.125039
 0.076549
 0.076759
 0.125039
 0.126146
 0.076549
 0.126146
 0.094491
 0.085085
 0.085085
 0.094491
 0.038183
 0.735847
 0.436845
 0.296660
 0.200702
 0.296660
 0.102339
 0.102339
 0.111325
 0.200702
 0.552513
 0.764541
 0.800852
 0.038012
 0.111325
 0.102339
 0.102339
 0.038168
 0.038012
 0.038168
 0.038012
 0.038168
 0.038012
 0.005157
 0.038012
 0.005157
 0.005157
 0.035181
 0.084526
 0.035181
 0.049154
 0.084526
 0.058951
 0.085976
 0.154959
 0.167630
 0.154959
 0.085976
 0.085976
 0.094178
 0.167630
 0.764541
 0.552513
 0.594588
 0.594588
 0.756691
 0.764541
 0.764541
 0.756691
 0.821120
 0.827033
 0.821120
 0.756691
 0.713659
 0.789148
 0.827033
 0.732246
 0.789148
 0.713659
 0.713659
 0.626117
 0.732246
 0.626117
 0.713659
 0.567673
 0.567673
 0.618589
 0.626117
 0.426457
 0.418383
 0.484422
 0.418383
 0.426457
 0.308896
 0.308896
 0.291303
 0.418383
 0.273411
 0.223290
 0.224475
 0.223290
 0.273411
 0.275353
 0.275353
 0.225273
 0.223290
 0.118952
 0.092986
 0.225273
 0.225273
 0.275353
 0.118952
 0.123370
 0.118952
 0.275353
 0.275353
 0.260801
 0.123370
 0.105598
 0.123370
 0.260801
 0.260801
 0.186161
 0.105598
 0.078974
 0.105598
 0.186161
 0.125039
 0.180770
 0.126146
 0.126146
 0.180770
 0.183252
 0.163677
 0.126146
 0.183252
 0.163677
 0.145852
 0.126146
 0.126146
 0.145852
 0.119913
 0.119913
 0.094491
 0.126146
 0.096415
 0.095791
 0.095754
 0.095754
 0.096344
 0.096415
 0.096415
 0.096344
 0.098769
 0.098769
 0.098756
 0.096415
 0.101914
 0.098756
 0.098769
 0.098769
 0.102003
 0.101914
 0.103347
 0.101914
 0.102003
 0.102003
 0.103379
 0.103347
 0.104827
 0.103347
 0.103379
 0.103379
 0.104815
 0.104827
 0.106299
 0.104827
 0.104815
 0.104815
 0.106305
 0.106299
 0.107768
 0.106299
 0.106305
 0.106305
 0.107803
 0.107768
 0.109153
 0.107768
 0.107803
 0.107803
 0.109200
 0.109153
 0.110413
 0.109153
 0.109200
 0.115558
 0.115563
 0.114249
 0.115563
 0.115558
 0.116863
 0.116863
 0.116812
 0.115563
 0.118183
 0.117840
 0.116812
 0.117840
 0.118183
 0.119720
 0.119720
 0.119296
 0.117840
 0.119296
 0.119720
 0.121538
 0.121538
 0.121139
 0.119296
 0.125629
 0.123488
 0.123610
 0.123610
 0.125711
 0.125629
 0.127719
 0.125629
 0.125711
 0.131904
 0.129806
 0.129906
 0.129906
 0.132002
 0.131904
 0.134018
 0.131904
 0.132002
 0.136149
 0.134018
 0.134096
 0.134096
 0.136190
 0.136149
 0.138290
 0.136149
 0.136190
 0.136190
 0.138278
 0.138290
 0.138290
 0.138278
 0.140365
 0.140365
 0.140434
 0.138290
 0.140434
 0.140365
 0.142453
 0.142453
 0.142571
 0.140434
 0.142571
 0.142453
 0.144542
 0.144542
 0.144695
 0.142571
 0.144695
 0.144542
 0.146630
 0.146630
 0.146808
 0.144695
 0.436845
 0.753473
 0.296660
 0.753473
 0.631700
 0.296660
 0.631700
 0.753473
 0.677072
 0.631700
 0.193931
 0.296660
 0.102339
 0.296660
 0.193931
 0.038168
 0.010210
 0.010210
 0.232427
 0.142222
 0.194657
 0.130571
 0.142222
 0.232427
 0.194657
 0.291303
 0.232427
 0.232427
 0.224475
 0.130571
 0.130571
 0.224475
 0.223290
 0.291303
 0.194657
 0.257006
 0.257006
 0.418383
 0.291303
 0.386063
 0.484422
 0.418383
 0.386063
 0.527366
 0.484422
 0.386063
 0.499582
 0.527366
 0.618589
 0.527366
 0.499582
 0.499582
 0.623184
 0.618589
 0.618589
 0.623184
 0.718991
 0.718991
 0.626117
 0.618589
 0.689209
 0.727164
 0.718991
 0.732246
 0.626117
 0.718991
 0.718991
 0.727164
 0.732246
 0.225273
 0.092986
 0.068571
 0.068571
 0.030921
 0.056466
 0.004956
 0.056466
 0.030921
 0.030921
 0.001639
 0.004956
 0.001639
 0.967298
 0.436845
 0.735847
 0.735847
 0.997177
 0.967298
 0.800852
 0.997177
 0.735847
 0.741431
 0.989122
 1.000000
 0.909001
 0.981324
 0.989122
 0.989122
 0.741431
 0.909001
 1.000000
 0.997177
 0.800852
 0.981324
 0.909001
 0.944287
 0.959892
 0.921376
 0.796678
 0.796678
 0.937587
 0.959892
 0.800852
 0.948582
 1.000000
 0.948582
 0.800852
 0.861246
 0.800852
 0.810179
 0.861246
 0.810179
 0.800852
 0.788999
 0.800852
 0.779494
 0.788999
 0.800852
 0.764541
 0.779494
 0.821120
 0.827033
 0.851780
 0.851780
 0.827033
 0.789148
 0.789148
 0.732246
 0.760934
 0.760934
 0.732246
 0.727164
 0.727164
 0.689209
 0.711102
 0.711102
 0.689209
 0.677072
 0.677072
 0.700026
 0.711102
 0.677072
 0.753473
 0.700026
 0.436845
 0.967298
 0.952620
 1.000000
 0.952620
 0.967298
 0.967298
 1.000000
 1.000000
 1.000000
 1.000000
 1.000000
 1.000000
 1.000000
 1.000000
 1.000000
 1.000000
 0.989122
 0.989122
 0.981324
 1.000000
 1.000000
 0.981324
 1.000000
 0.981324
 1.000000
 1.000000
 0.981324
 0.944287
 1.000000
 0.944287
 0.959892
 1.000000
 0.959892
 0.937587
 1.000000
 0.959892
 0.985448
 1.000000
 1.000000
 0.985448
 0.959892