0.230068
0.426284
0.411076
0.339238
0.337049
0.336775
0.336775
0.338945
0.339238
0.338945
0.336775
0.336561
0.347650
0.339238
0.338945
0.338945
0.347927
0.347650
0.360877
0.347650
0.347927
0.347927
0.363322
0.360877
0.368918
0.360877
0.363322
0.347365
0.347927
0.338945
0.363322
0.347927
0.347365
0.363322
0.368989
0.368918
0.374401
0.368918
0.368989
0.374401
0.380441
0.380482
0.368989
0.374827
0.374401
0.380441
0.374401
0.374827
0.368989
0.363322
0.363563
0.347365
0.363563
0.363322
0.386745
0.380441
0.380823
0.374827
0.380823
0.380441
0.380823
0.387077
0.386745
0.393623
0.386745
0.387077
0.393623
0.399904
0.400431
0.405462
0.400431
0.399904
0.387077
0.393874
0.393623
0.399904
0.393623
0.393874
0.399904
0.405398
0.405462
0.410952
0.405462
0.405398
0.393874
0.400012
0.399904
0.405398
0.399904
0.400012
0.405398
0.410842
0.410952
0.400012
0.405519
0.405398
0.410842
0.405398
0.405519
0.400012
0.393874
0.394072
0.405519
0.400012
0.400093
0.394072
0.400093
0.400012
0.405519
0.410806
0.410842
0.416321
0.410842
0.410806
0.400093
0.405584
0.405519
0.410806
0.405519
0.405584
0.410806
0.415909
0.416321
0.423772
0.421704
0.426114
0.426114
0.429146
0.423772
0.420649
0.421704
0.416321
0.416321
0.415909
0.420649
0.424486
0.426114
0.421704
0.421704
0.420649
0.424486
0.429146
0.426114
0.429263
0.429263
0.433417
0.429146
0.426114
0.424486
0.426536
0.426536
0.429263
0.426114
0.433417
0.429263
0.431206
0.431206
0.436528
0.433417
0.429263
0.426536
0.428085
0.428085
0.431206
0.429263
0.436528
0.431206
0.431130
0.431130
0.436478
0.436528
0.431206
0.428085
0.428051
0.428051
0.431130
0.431206
0.436478
0.431130
0.428899
0.428899
0.433256
0.436478
0.428993
0.433256
0.428899
0.431130
0.428051
0.425959
0.425959
0.428899
0.431130
0.428899
0.425328
0.428993
0.425328
0.428899
0.425959
0.423588
0.428993
0.425328
0.425959
0.428051
0.429318
0.429318
0.428051
0.428085
0.425328
0.420837
0.423588
0.425959
0.422620
0.425328
0.420837
0.425328
0.422620
0.422620
0.419213
0.420837
0.415172
0.420837
0.419213
0.422620
0.425959
0.426950
0.429318
0.426950
0.425959
0.415172
0.409374
0.409780
0.403819
0.409780
0.409374
0.409374
0.415172
0.414243
0.419213
0.414243
0.415172
0.409374
0.403562
0.403819
0.414243
0.408762
0.409374
0.403562
0.409374
0.408762
0.408762
0.403130
0.403562
0.397736
0.403562
0.403130
0.403130
0.397467
0.397736
0.391896
0.397736
0.397467
0.391896
0.386064
0.386224
0.380404
0.386224
0.386064
0.397467
0.391793
0.391896
0.386064
0.391896
0.391793
0.386064
0.380257
0.380404
0.391793
0.386114
0.386064
0.380435
0.380257
0.386064
0.386064
0.386114
0.380435
0.374745
0.374483
0.380257
0.380257
0.380435
0.374745
0.374483
0.368740
0.368891
0.363193
0.368891
0.368740
0.374483
0.374745
0.369043
0.369043
0.368740
0.374483
0.368740
0.363019
0.363193
0.357531
0.363193
0.363019
0.368740
0.369043
0.363319
0.363319
0.363019
0.368740
0.363019
0.357320
0.357531
0.351892
0.357531
0.357320
0.363019
0.363319
0.357580
0.357580
0.357320
0.363019
0.357320
0.351633
0.351892
0.346258
0.351892
0.351633
0.357320
0.357580
0.351829
0.351829
0.351633
0.357320
0.351633
0.345995
0.346258
0.340607
0.346258
0.345995
0.351633
0.351829
0.346129
0.346129
0.345995
0.351633
0.345995
0.340441
0.340607
0.345995
0.346129
0.340544
0.340544
0.340441
0.345995
0.346471
0.346129
0.351829
0.346129
0.346471
0.340786
0.340786
0.340544
0.346129
0.340441
0.340544
0.335429
0.335429
0.335322
0.340441
0.340544
0.340786
0.335524
0.335524
0.335429
0.340544
0.335322
0.335429
0.330380
0.330380
0.330238
0.335322
0.330380
0.335429
0.335524
0.335524
0.330339
0.330380
0.325300
0.330380
0.330339
0.330238
0.330380
0.325300
0.325300
0.325119
0.330238
0.325119
0.325300
0.320151
0.320151
0.319943
0.325119
0.320151
0.325300
0.325140
0.319943
0.320151
0.314937
0.314937
0.314720
0.319943
0.314126
0.314720
0.309464
0.314720
0.314937
0.309679
0.309679
0.309464
0.314720
0.314937
0.320151
0.319907
0.325140
0.319907
0.320151
0.309679
0.314937
0.314651
0.319907
0.314651
0.314937
0.309464
0.309679
0.304207
0.304207
0.303991
0.309464
0.303991
0.304207
0.298685
0.298685
0.298472
0.303991
0.304207
0.309679
0.309380
0.314651
0.309380
0.309679
0.298685
0.304207
0.303911
0.309380
0.303911
0.304207
0.298472
0.298685
0.293123
0.293123
0.292912
0.298472
0.292428
0.292912
0.289914
0.292912
0.293123
0.290188
0.290188
0.289914
0.292912
0.293123
0.298685
0.298425
0.303911
0.298425
0.298685
0.290188
0.293123
0.292869
0.298425
0.292869
0.293123
0.285451
0.284883
0.289914
0.282492
0.284883
0.285451
0.289914
0.290188
0.285451
0.285451
0.281616
0.282492
0.285451
0.290188
0.289908
0.292869
0.289908
0.290188
0.281616
0.285451
0.285072
0.289908
0.285072
0.285451
0.285072
0.281161
0.281616
0.289908
0.292869
0.292342
0.281161
0.285072
0.283650
0.283650
0.281764
0.281161
0.285072
0.289908
0.289216
0.289216
0.283650
0.285072
0.292342
0.289216
0.289908
0.281764
0.283650
0.284905
0.284905
0.283131
0.281764
0.283563
0.283131
0.284905
0.284905
0.285439
0.283563
0.289052
0.284905
0.283650
0.285439
0.284905
0.289052
0.283650
0.289216
0.289052
0.289052
0.289391
0.285439
0.292145
0.289052
0.289216
0.289391
0.289052
0.292145
0.289216
0.292342
0.292145
0.297626
0.292145
0.292342
0.292342
0.297891
0.297626
0.297891
0.292342
0.292869
0.292869
0.298425
0.297891
0.297872
0.297626
0.303030
0.303030
0.297626
0.297891
0.303030
0.303392
0.297872
0.303320
0.297891
0.298425
0.297891
0.303320
0.303030
0.298425
0.303911
0.303320
0.303392
0.303030
0.308485
0.308485
0.303030
0.303320
0.308485
0.308867
0.303392
0.308782
0.303320
0.303911
0.303320
0.308782
0.308485
0.303911
0.309380
0.308782
0.308867
0.308485
0.313749
0.313749
0.308485
0.308782
0.314054
0.308782
0.309380
0.308782
0.314054
0.313749
0.309380
0.314651
0.314054
0.319073
0.313749
0.314054
0.319374
0.314054
0.314651
0.314054
0.319374
0.319073
0.314651
0.319907
0.319374
0.319402
0.319073
0.324476
0.324476
0.319073
0.319374
0.324476
0.324700
0.319402
0.324743
0.319374
0.319907
0.319374
0.324743
0.324476
0.319907
0.325140
0.324743
0.324700
0.324476
0.329940
0.329940
0.324476
0.324743
0.329940
0.330002
0.324700
0.330141
0.324743
0.325140
0.324743
0.330141
0.329940
0.330002
0.329940
0.335425
0.335425
0.329940
0.330141
0.335425
0.335293
0.330002
0.330141
0.335548
0.335425
0.335548
0.335524
0.340786
0.340947
0.335425
0.335548
0.340786
0.341026
0.335548
0.335548
0.341026
0.340947
0.341026
0.340786
0.346471
0.346733
0.340947
0.341026
0.346471
0.346814
0.341026
0.341026
0.346814
0.346733
0.352415
0.346733
0.346814
0.346814
0.346471
0.352224
0.351829
0.352224
0.346471
0.352224
0.351829
0.357580
0.346814
0.352551
0.352415
0.352224
0.352551
0.346814
0.358063
0.352415
0.352551
0.357580
0.357988
0.352224
0.352551
0.352224
0.357988
0.357988
0.357580
0.363319
0.352551
0.358261
0.358063
0.357988
0.358261
0.352551
0.363712
0.358063
0.358261
0.363319
0.363726
0.357988
0.358261
0.357988
0.363726
0.363726
0.363319
0.369043
0.358261
0.363947
0.363712
0.363726
0.363947
0.358261
0.369374
0.363712
0.363947
0.369043
0.369426
0.363726
0.363947
0.363726
0.369426
0.369426
0.369043
0.374745
0.363947
0.369609
0.369374
0.369426
0.369609
0.363947
0.369374
0.375045
0.374628
0.375045
0.369374
0.369609
0.374745
0.375083
0.369426
0.369609
0.369426
0.375083
0.375083
0.374745
0.380435
0.369609
0.375243
0.375045
0.375083
0.375243
0.369609
0.380724
0.375045
0.375243
0.380435
0.380700
0.375083
0.375243
0.375083
0.380700
0.380700
0.380435
0.386114
0.375243
0.380843
0.380724
0.380700
0.380843
0.375243
0.386409
0.380724
0.380843
0.386114
0.386273
0.380700
0.380843
0.380700
0.386273
0.386273
0.386114
0.391793
0.386273
0.386413
0.380843
0.380843
0.386413
0.386409
0.391793
0.391824
0.386273
0.386413
0.386273
0.391824
0.397371
0.391824
0.391793
0.391793
0.397467
0.397371
0.391824
0.391964
0.386413
0.386409
0.386413
0.391964
0.391964
0.391824
0.397371
0.391964
0.392103
0.386409
0.386409
0.392103
0.392075
0.397371
0.397522
0.391964
0.392103
0.391964
0.397522
0.402936
0.397371
0.397467
0.397522
0.397371
0.402936
0.397467
0.403130
0.402936
0.392075
0.392103
0.397813
0.397522
0.397813
0.392103
0.397813
0.397937
0.392075
0.402936
0.403117
0.397522
0.397813
0.397522
0.403117
0.408499
0.402936
0.403130
0.403117
0.402936
0.408499
0.403130
0.408762
0.408499
0.397937
0.397813
0.403563
0.403117
0.403563
0.397813
0.408499
0.408750
0.403117
0.403563
0.403117
0.408750
0.413950
0.408499
0.408762
0.408750
0.408499
0.413950
0.408762
0.414243
0.413950
0.408750
0.409371
0.403563
0.413950
0.414367
0.408750
0.409371
0.408750
0.414367
0.419031
0.413950
0.414243
0.414367
0.413950
0.419031
0.414243
0.419213
0.419031
0.414367
0.415294
0.409371
0.419031
0.419799
0.414367
0.415294
0.414367
0.419799
0.416068
0.415294
0.421333
0.419799
0.421333
0.415294
0.419799
0.419031
0.423311
0.423311
0.419031
0.419213
0.419213
0.422620
0.423311
0.426950
0.423311
0.422620
0.421333
0.419799
0.424680
0.423311
0.424680
0.419799
0.424680
0.426672
0.421333
0.428995
0.424680
0.423311
0.426672
0.424680
0.428995
0.423311
0.426950
0.428995
0.428995
0.431715
0.426672
0.438183
0.431715
0.428995
0.432420
0.428995
0.426950
0.428995
0.432420
0.438183
0.426950
0.429318
0.432420
0.438166
0.438183
0.432420
0.432364
0.432420
0.429318
0.432420
0.432364
0.438166
0.431872
0.438166
0.432364
0.429318
0.429365
0.432364
0.428085
0.429365
0.429318
0.429365
0.428085
0.426536
0.432364
0.429194
0.431872
0.429194
0.432364
0.429365
0.427071
0.431872
0.429194
0.426536
0.427377
0.429365
0.429365
0.427377
0.429194
0.427377
0.426536
0.424486
0.429194
0.425357
0.427071
0.425357
0.429194
0.427377
0.422024
0.427071
0.425357
0.424486
0.424408
0.427377
0.427377
0.424408
0.425357
0.424408
0.424486
0.420649
0.425357
0.420930
0.422024
0.420930
0.425357
0.424408
0.420649
0.420438
0.424408
0.424408
0.420438
0.420930
0.420438
0.420649
0.415909
0.416414
0.422024
0.420930
0.422024
0.416414
0.416868
0.415993
0.420930
0.420438
0.420930
0.415993
0.416414
0.415909
0.415797
0.420438
0.420438
0.415797
0.415993
0.410803
0.415797
0.415909
0.415993
0.415797
0.410803
0.415909
0.410806
0.410803
0.405584
0.410803
0.410806
0.410803
0.410825
0.415993
0.410825
0.410803
0.405584
0.416414
0.415993
0.410825
0.405584
0.405531
0.410825
0.405531
0.405584
0.400093
0.410825
0.410866
0.416414
0.410866
0.410825
0.405531
0.416868
0.416414
0.410866
0.405531
0.405415
0.410866
0.400093
0.400049
0.405531
0.405415
0.405531
0.400049
0.400049
0.400093
0.394072
0.400049
0.399973
0.405415
0.394072
0.394033
0.400049
0.399973
0.400049
0.394033
0.394033
0.393886
0.399973
0.394033
0.394072
0.387352
0.387352
0.394072
0.393874
0.393874
0.387077
0.387352
0.393886
0.394033
0.387360
0.387352
0.387360
0.394033
0.394112
0.393886
0.387156
0.387360
0.387156
0.393886
0.387156
0.386888
0.394112
0.381143
0.387352
0.387077
0.387360
0.387352
0.381143
0.387077
0.380823
0.381143
0.387156
0.387360
0.381164
0.381143
0.381164
0.387360
0.386888
0.387156
0.380880
0.381164
0.380880
0.387156
0.375135
0.381143
0.380823
0.381164
0.381143
0.375135
0.380823
0.374827
0.375135
0.380880
0.381164
0.375090
0.375135
0.375090
0.381164
0.375090
0.374673
0.380880
0.369274
0.375135
0.374827
0.375090
0.375135
0.369274
0.374827
0.368989
0.369274
0.363563
0.369274
0.368989
0.369274
0.369069
0.375090
0.369069
0.369274
0.363563
0.374673
0.375090
0.369069
0.374259
0.374673
0.368444
0.369069
0.368444
0.374673
0.368444
0.367913
0.374259
0.363563
0.363114
0.369069
0.368444
0.369069
0.363114
0.363114
0.363563
0.347365
0.367913
0.368444
0.362194
0.363114
0.362194
0.368444
0.347365
0.347515
0.363114
0.362194
0.363114
0.347515
0.347515
0.347799
0.362194
0.339202
0.347991
0.347799
0.347515
0.347365
0.338648
0.338945
0.338648
0.347365
0.336561
0.338648
0.338945
0.338648
0.338772
0.347515
0.338772
0.338648
0.336561
0.347799
0.347515
0.338772
0.336561
0.336796
0.338772
0.338772
0.339029
0.347799
0.339029
0.338772
0.336796
0.347799
0.339029
0.339202
0.336796
0.337037
0.339029
0.339202
0.339029
0.337037
0.337037
0.337108
0.339202
0.241647
0.182030
0.453228
0.167082
0.453228
0.182030
0.182030
0.241647
0.087835
0.182030
0.097770
0.167082
0.087835
0.081484
0.182030
0.097770
0.182030
0.112454
0.112454
0.077883
0.097770
0.182030
0.081484
0.112454
0.077883
0.112454
0.075795
0.075795
0.060656
0.077883
0.017051
0.060656
0.001456
0.001456
0.060656
0.075795
0.075795
0.112454
0.013050
0.013050
0.112454
0.081484
0.075795
0.014480
0.001456
0.013050
0.014480
0.075795
0.001456
0.014480
0.014480
0.013050
0.014480
0.013050
0.013050
0.013050
0.031989
0.081484
0.031989
0.013050
0.031989
0.081484
0.087835
0.087835
0.002521
0.031989
0.031989
0.002521
0.000406
0.000406
0.044247
0.000406
0.044247
0.034149
0.034149
0.644797
0.457750
0.511187
0.077149
0.083473
0.175450
0.457750
0.175450
0.284133
0.284133
0.511187
0.457750
0.175450
0.083473
0.125347
0.125347
0.284133
0.175450
0.032412
0.083473
0.077149
0.125347
0.083473
0.032412
0.077149
0.025245
0.032412
0.032412
0.044504
0.125347
0.295481
0.284133
0.125347
0.511187
0.789967
0.644797
0.742265
0.644797
0.789967
0.742265
0.789967
0.826339
0.555948
0.644797
0.742265
0.826339
0.766929
0.742265
0.673083
0.742265
0.766929
0.742265
0.673083
0.555948
0.766929
0.676615
0.673083
0.376849
0.673083
0.676615
0.168229
0.238299
0.233502
0.238299
0.168229
0.137609
0.118227
0.117719
0.168229
0.137609
0.168229
0.117719
0.117719
0.088504
0.137609
0.109773
0.117719
0.069473
0.012638
0.011523
0.069473
0.069473
0.071270
0.109773
0.014871
0.008544
0.014871
0.008544
0.014871
0.008544
0.055867
0.014871
0.008544
0.008544
0.055867
0.055867
0.013189
0.018845
0.018845
0.005552
0.034752
0.005552
0.018845
0.034752
0.005552
0.003393
0.003393
0.017270
0.003393
0.005552
0.005552
0.034752
0.017270
0.003393
0.003393
0.017270
0.017270
0.028441
0.017270
0.054577
0.028441
0.017270
0.017270
0.034752
0.054577
0.054577
0.034752
0.078191
0.078191
0.034752
0.018845
0.078191
0.073169
0.054577
0.114011
0.073169
0.078191
0.028441
0.005677
0.078191
0.164865
0.114011
0.164865
0.165972
0.114011
0.164865
0.078191
0.088517
0.088517
0.078191
0.018845
0.165972
0.164865
0.233568
0.018845
0.025209
0.088517
0.233568
0.212088
0.165972
0.025209
0.018845
0.018845
0.023153
0.025209
0.025209
0.023153
0.102897
0.102897
0.088517
0.025209
0.026519
0.023153
0.102897
0.023153
0.026519
0.026519
0.088517
0.102897
0.205717
0.088517
0.180646
0.164865
0.205717
0.180646
0.088517
0.164865
0.180646
0.252242
0.180646
0.205717
0.252242
0.252242
0.233568
0.164865
0.252242
0.205717
0.423449
0.233568
0.252242
0.357791
0.423449
0.357791
0.252242
0.357791
0.360003
0.233568
0.212088
0.233568
0.360003
0.357791
0.423449
0.452448
0.452448
0.423449
0.205717
0.452448
0.360003
0.357791
0.214336
0.205717
0.102897
0.205717
0.214336
0.452448
0.360003
0.452448
0.524188
0.524188
0.403297
0.360003
0.212088
0.360003
0.403297
0.102897
0.109400
0.214336
0.026519
0.109400
0.102897
0.026519
0.002225
0.002225
0.002939
0.002225
0.005603
0.002939
0.005603
0.002939
0.002939
0.020461
0.005603
0.020461
0.002939
0.001143
0.020461
0.013277
0.001143
0.013277
0.013277
0.014532
0.001143
0.017788
0.014532
0.013277
0.008901
0.017788
0.013277
0.020461
0.025032
0.025032
0.020461
0.005603
0.013277
0.017654
0.017788
0.025032
0.017654
0.013277
0.017788
0.030169
0.008901
0.030169
0.017788
0.017654
0.008901
0.030169
0.049646
0.017654
0.029225
0.030169
0.050170
0.049646
0.030169
0.073583
0.049646
0.050170
0.030169
0.029225
0.050170
0.038313
0.029225
0.017654
0.017654
0.025032
0.038313
0.053347
0.050170
0.029225
0.029225
0.038313
0.053347
0.050170
0.076324
0.073583
0.076324
0.050170
0.053347
0.194761
0.073583
0.076324
0.076324
0.222138
0.194761
0.687671
0.442869
0.669939
0.712355
0.442869
0.194761
0.669939
0.442869
0.712355
0.194761
0.222138
0.712355
0.222138
0.076324
0.082105
0.053347
0.082105
0.076324
0.082105
0.053347
0.044371
0.782701
0.669939
0.790445
0.712355
0.790445
0.669939
0.790445
0.859178
0.782701
0.919983
0.782701
0.859178
0.802425
0.790445
0.712355
0.918997
0.919983
0.935507
0.865161
0.859178
0.790445
0.790445
0.802425
0.865161
0.859178
0.928790
0.919983
0.928790
0.859178
0.865161
0.919983
0.928790
0.941231
0.941231
0.935507
0.919983
0.865161
0.930579
0.928790
0.941231
0.928790
0.930579
0.978320
0.977729
0.935507
0.935507
0.941231
0.978320
0.987780
0.977729
0.978320
0.978320
0.987292
0.987780
1.000000
1.000000
0.987780
0.987780
0.987292
1.000000
1.000000
1.000000
1.000000
1.000000
1.000000
1.000000
0.973755
1.000000
0.899539
0.899539
0.807089
0.973755
0.985724
0.899539
1.000000
1.000000
1.000000
0.985724
0.807089
0.899539
0.816442
0.816442
0.899539
0.985724
0.816442
0.785540
0.657048
0.559518
0.657048
0.785540
0.985724
0.951998
0.816442
0.785540
0.741337
0.559518
0.908128
0.785540
0.816442
0.741337
0.785540
0.908128
0.816442
0.951998
0.908128
0.908128
0.880379
0.741337
0.649998
0.741337
0.880379
1.000000
0.908128
0.951998
0.880379
0.908128
1.000000
0.880379
0.780069
0.649998
0.420543
0.649998
0.780069
0.188332
0.256462
0.130752
0.780069
0.642004
0.420543
0.642004
0.256462
0.420543
0.259652
0.130752
0.256462
0.642004
0.645021
0.256462
0.259652
0.256462
0.645021
0.642004
0.780069
0.891807
0.642004
0.891807
0.645021
0.891807
0.780069
0.880379
0.667560
0.259652
0.645021
0.667560
0.645021
0.849723
0.645021
0.891807
0.849723
0.795004
0.537845
0.667560
0.849723
0.795004
0.667560
0.795004
0.849723
0.979701
0.849723
0.891807
0.979701
0.880379
1.000000
0.891807
0.979701
0.891807
1.000000
1.000000
1.000000
0.880379
1.000000
1.000000
0.979701
1.000000
1.000000
1.000000
0.979701
1.000000
0.993438
0.993438
0.902409
0.979701
1.000000
1.000000
1.000000
0.993438
1.000000
1.000000
0.902409
0.993438
0.863798
0.863798
0.630677
0.902409
1.000000
0.996952
0.993438
0.863798
0.993438
0.996952
0.364552
0.378349
0.630677
1.000000
0.996952
1.000000
0.378349
0.364552
0.231802
0.231802
0.166831
0.166982
0.263613
0.166831
0.231802
0.231802
0.364552
0.592414
0.630677
0.592414
0.364552
0.231802
0.427538
0.263613
0.592414
0.427538
0.231802
0.592414
0.630677
0.478552
0.478552
0.427538
0.592414
0.478552
0.630677
0.863798
0.427538
0.397966
0.263613
0.397966
0.427538
0.478552
0.397966
0.446121
0.331228
0.478552
0.446121
0.397966
0.446121
0.220870
0.331228
0.446121
0.478552
0.695590
0.863798
0.695590
0.478552
0.695590
0.607589
0.446121
0.695590
0.863798
0.889747
0.996952
0.889747
0.863798
0.607589
0.695590
0.747694
0.889747
0.747694
0.695590
0.747694
0.683348
0.607589
0.683348
0.747694
0.786393
0.786393
0.745757
0.683348
0.786393
0.747694
0.889747
0.751661
0.745757
0.799362
0.799362
0.745757
0.786393
0.889747
0.930826
0.786393
0.930826
0.889747
0.996952
0.996952
1.000000
0.930826
0.786393
0.842934
0.799362
0.842934
0.786393
0.930826
0.799362
0.842934
0.968037
0.968037
0.961723
0.799362
0.930826
0.949500
0.842934
0.968037
0.842934
0.949500
0.961723
0.968037
1.000000
1.000000
1.000000
0.961723
1.000000
1.000000
0.973773
0.973773
0.987702
1.000000
1.000000
1.000000
0.954312
0.954312
0.973773
1.000000
0.987702
0.973773
0.957569
0.957569
0.973773
0.954312
0.957569
0.978303
0.987702
0.954312
1.000000
1.000000
1.000000
1.000000
0.968037
0.978303
0.957569
0.905004
0.905004
0.933382
0.978303
0.954312
0.944308
0.957569
0.881644
0.905004
0.957569
0.957569
0.944308
0.881644
0.888634
0.786785
0.844594
0.766301
0.844594
0.786785
0.865325
0.888634
0.905004
0.786785
0.888634
0.865325
0.905004
0.881644
0.865325
0.786785
0.643559
0.766301
0.865325
0.762141
0.786785
0.643559
0.786785
0.762141
0.762141
0.646752
0.643559
0.443164
0.643559
0.646752
0.443164
0.178053
0.226464
0.646752
0.517787
0.443164
0.178053
0.443164
0.517787
0.517787
0.200765
0.178053
0.065265
0.029299
0.033465
0.080454
0.065265
0.178053
0.029299
0.065265
0.080454
0.178053
0.200765
0.080454
0.033465
0.029299
0.002054
0.080454
0.048807
0.029299
0.013405
0.002054
0.029299
0.029299
0.048807
0.013405
0.002054
0.013405
0.002036
0.002036
0.002036
0.013405
0.002036
0.002036
0.000293
0.000293
0.002036
0.013405
0.000293
0.006662
0.006662
0.002225
0.005603
0.002225
0.006662
0.013405
0.013045
0.000293
0.006662
0.010015
0.005603
0.005603
0.010015
0.025032
0.020135
0.006662
0.000293
0.000293
0.013045
0.020135
0.017982
0.010015
0.006662
0.025032
0.010015
0.017982
0.006662
0.020135
0.017982
0.017982
0.038313
0.025032
0.053347
0.038313
0.017982
0.017982
0.044371
0.053347
0.044371
0.017982
0.020135
0.020135
0.051639
0.044371
0.051639
0.020135
0.013045
0.093935
0.044371
0.051639
0.044371
0.093935
0.082105
0.013045
0.052976
0.051639
0.052976
0.013045
0.013405
0.013405
0.048807
0.052976
0.052976
0.048807
0.080454
0.089653
0.051639
0.052976
0.051639
0.089653
0.093935
0.080454
0.090520
0.052976
0.052976
0.090520
0.089653
0.198983
0.090520
0.080454
0.080454
0.200765
0.198983
0.209596
0.089653
0.090520
0.090520
0.198983
0.209596
0.244061
0.093935
0.089653
0.089653
0.209596
0.244061
0.531872
0.198983
0.200765
0.200765
0.517787
0.531872
0.561455
0.209596
0.198983
0.198983
0.531872
0.561455
0.244061
0.209596
0.561455
0.668213
0.531872
0.517787
0.561455
0.531872
0.668213
0.517787
0.646752
0.668213
0.561455
0.726386
0.244061
0.775389
0.668213
0.646752
0.646752
0.762141
0.775389
0.668213
0.699804
0.561455
0.699804
0.668213
0.775389
0.726386
0.561455
0.699804
0.860237
0.775389
0.762141
0.762141
0.865325
0.860237
0.775389
0.805225
0.699804
0.874250
0.860237
0.865325
0.865325
0.881644
0.874250
0.775389
0.860237
0.877967
0.877967
0.860237
0.874250
0.877967
0.805225
0.775389
0.933687
0.874250
0.881644
0.881644
0.944308
0.933687
0.874250
0.892049
0.877967
0.940483
0.933687
0.944308
0.944308
0.954312
0.940483
0.874250
0.933687
0.940995
0.940995
0.933687
0.940483
0.940995
0.892049
0.874250
1.000000
0.940483
0.954312
0.940483
0.946187
0.940995
0.946187
0.940483
1.000000
0.892049
0.940995
0.968955
0.940995
0.946187
0.978571
0.978571
0.968955
0.940995
1.000000
1.000000
0.946187
1.000000
0.978571
0.946187
0.946187
1.000000
1.000000
1.000000
1.000000
1.000000
1.000000
1.000000
1.000000
1.000000
1.000000
1.000000
0.978571
1.000000
1.000000
1.000000
1.000000
1.000000
0.968037
1.000000
1.000000
0.949500
1.000000
0.968037
1.000000
0.949500
1.000000
1.000000
1.000000
1.000000
1.000000
0.949500
0.930826
0.930826
1.000000
1.000000
1.000000
1.000000
1.000000
1.000000
1.000000
1.000000
1.000000
1.000000
1.000000
1.000000
1.000000
1.000000
1.000000
1.000000
1.000000
1.000000
1.000000
1.000000
1.000000
1.000000
1.000000
1.000000
1.000000
1.000000
0.951998
1.000000
1.000000
1.000000
1.000000
1.000000
1.000000
1.000000
0.951998
1.000000
1.000000
1.000000
0.951998
0.985724
1.000000
1.000000
0.985724
1.000000
1.000000
1.000000
1.000000
1.000000
1.000000
1.000000
1.000000
1.000000
1.000000
1.000000
1.000000
1.000000
1.000000
1.000000
1.000000
1.000000
1.000000
1.000000
0.982293
1.000000
1.000000
1.000000
0.982293
0.978571
1.000000
0.987292
0.982293
0.968955
0.978571
0.982293
0.982293
0.987292
0.978320
0.978320
0.975818
0.982293
0.982293
0.975818
0.968955
0.975818
0.978320
0.941231
0.941231
0.941078
0.975818
0.968955
0.975818
0.941078
0.930579
0.941078
0.941231
0.941078
0.933556
0.968955
0.968955
0.933556
0.892049
0.921618
0.933556
0.941078
0.892049
0.933556
0.921618
0.941078
0.930579
0.921618
0.921618
0.877967
0.892049
0.805225
0.877967
0.921618
0.863430
0.921618
0.930579
0.921618
0.863430
0.805225
0.930579
0.865161
0.863430
0.863430
0.865161
0.802425
0.805225
0.863430
0.801557
0.802425
0.801557
0.863430
0.801557
0.699804
0.805225
0.699804
0.801557
0.726386
0.801557
0.802425
0.729156
0.729156
0.726386
0.801557
0.712355
0.729156
0.802425
0.729156
0.712355
0.222138
0.726386
0.729156
0.252617
0.222138
0.252617
0.729156
0.252617
0.244061
0.726386
0.082105
0.252617
0.222138
0.093935
0.244061
0.252617
0.252617
0.082105
0.093935
0.024308
0.024308
0.024308
0.061171
0.061171
0.001710
0.001710
0.061171
0.071689
0.023919
0.023919
0.001710
0.061171
0.023919
0.071689
0.087401
0.001710
0.023919
0.087401
0.039684
0.023919
0.039684
0.087401
0.124809
0.023919
0.039684
0.308335
0.225670
0.124809
0.124809
0.081264
0.039684
0.081264
0.124809
0.225670
0.139814
0.225670
0.308335
0.225670
0.123962
0.081264
0.123962
0.225670
0.139814
0.123962
0.139814
0.053080
0.079986
0.053080
0.139814
0.123962
0.009230
0.081264
0.123962
0.053080
0.009230
0.039684
0.081264
0.009230
0.014686
0.079986
0.055122
0.014686
0.053080
0.079986
0.053080
0.014686
0.053080
0.009230
0.014686
0.009230
0.009230
0.039684
0.009230
0.039684
0.024641
0.053612
0.024641
0.024641
0.053612
0.069597
0.074967
0.118105
0.074967
0.069597
0.057958
0.074967
0.118105
0.074967
0.057958
0.053612
0.118105
0.173230
0.057958
0.146460
0.053612
0.057958
0.057958
0.173230
0.146460
0.024641
0.053612
0.146460
0.146460
0.173230
0.270393
0.270393
0.233564
0.146460
0.098941
0.146460
0.233564
0.146460
0.098941
0.024641
0.134278
0.158876
0.233564
0.233564
0.158876
0.098941
0.158876
0.134278
0.106794
0.018729
0.024641
0.098941
0.024641
0.018729
0.084346
0.098941
0.158876
0.098941
0.084346
0.018729
0.106794
0.124596
0.158876
0.158876
0.124596
0.084346
0.095128
0.124596
0.106794
0.073212
0.084346
0.124596
0.124596
0.095128
0.073212
0.018729
0.084346
0.073212
0.073212
0.095128
0.073464
0.073212
0.002756
0.018729
0.018729
0.002756
0.002756
0.073464
0.054044
0.073212
0.002756
0.073212
0.054044
0.073464
0.061705
0.054044
0.073464
0.073464
0.054044
0.002756
0.054044
0.002756
0.002756
0.001710
0.001710
0.013189
0.013851
0.033490
0.055867
0.013189
0.033490
0.103432
0.055867
0.033490
0.033490
0.041500
0.103432
0.041500
0.033490
0.002636
0.060228
0.212088
0.103432
0.103432
0.041500
0.060228
0.060228
0.021116
0.045340
0.021116
0.060228
0.041500
0.041500
0.021116
0.021116
0.005677
0.002636
0.041500
0.002636
0.005677
0.005677
0.113162
0.103317
0.086337
0.086337
0.103317
0.067376
0.086337
0.093372
0.113162
0.096781
0.113162
0.093372
0.067376
0.070741
0.086337
0.093372
0.086337
0.081087
0.081087
0.086337
0.070741
0.093372
0.084851
0.096781
0.081087
0.085213
0.093372
0.084851
0.093372
0.085213
0.070741
0.071723
0.081087
0.096781
0.084851
0.071153
0.071153
0.070191
0.096781
0.071723
0.070741
0.058874
0.070191
0.071153
0.060083
0.060083
0.048489
0.070191
0.034931
0.048489
0.060083
0.060083
0.055859
0.034931
0.064397
0.060083
0.071153
0.055859
0.060083
0.064397
0.058874
0.055859
0.061691
0.064397
0.061691
0.055859
0.061691
0.063855
0.058874
0.058874
0.063855
0.071723
0.072032
0.063855
0.061691
0.063855
0.072032
0.071723
0.072032
0.061691
0.064397
0.072032
0.081087
0.071723
0.081087
0.072032
0.085213
0.071153
0.071714
0.064397
0.072032
0.064397
0.071714
0.071714
0.071153
0.084851
0.072032
0.080184
0.085213
0.080184
0.072032
0.071714
0.085213
0.080184
0.084851
0.084851
0.080184
0.071714
0.002166
0.002166
0.002581
0.002166
0.002581
0.002581
0.002581
0.403297
0.524188
0.555948
0.644797
0.555948
0.524188
0.028397
0.002521
0.002521
0.088504
0.117719
0.109773
0.109773
0.086723
0.088504
0.088504
0.086723
0.041925
0.041925
0.034407
0.088504
0.250957
0.238299
0.230068
0.230068
0.244400
0.250957
0.411076
0.244400
0.230068
0.339202
0.337108
0.337049
0.337049
0.339238
0.339202
0.347991
0.339202
0.339238
0.339238
0.347650
0.347991
0.347991
0.347650
0.360877
0.360877
0.361725
0.347991
0.367913
0.361725
0.360877
0.360877
0.368918
0.367913
0.374259
0.367913
0.368918
0.368918
0.374401
0.374259
0.380482
0.374259
0.374401
0.386888
0.380482
0.380441
0.380441
0.386745
0.386888
0.394112
0.386888
0.386745
0.386745
0.393623
0.394112
0.400431
0.394112
0.393623
0.416868
0.410952
0.410842
0.410842
0.416321
0.416868
0.416868
0.416321
0.421704
0.421704
0.423772
0.416868
0.416068
0.423588
0.420837
0.420837
0.415172
0.416068
0.409780
0.416068
0.415172
0.397937
0.403819
0.403562
0.403562
0.397736
0.397937
0.392075
0.397937
0.397736
0.397736
0.391896
0.392075
0.386224
0.392075
0.391896
0.374628
0.380404
0.380257
0.380257
0.374483
0.374628
0.368891
0.374628
0.374483
0.335293
0.340607
0.340441
0.340441
0.335322
0.335293
0.335293
0.335322
0.330238
0.330238
0.330002
0.335293
0.330002
0.330238
0.325119
0.325119
0.324700
0.330002
0.324700
0.325119
0.319943
0.319943
0.319402
0.324700
0.330339
0.325140
0.325300
0.319402
0.319943
0.314720
0.314720
0.314126
0.319402
0.309464
0.308867
0.314126
0.308867
0.309464
0.303991
0.303991
0.303392
0.308867
0.303392
0.303991
0.298472
0.298472
0.297872
0.303392
0.297872
0.298472
0.292912
0.292912
0.292428
0.297872
0.289914
0.289391
0.292428
0.289391
0.289914
0.284883
0.284883
0.285439
0.289391
0.282492
0.283563
0.285439
0.285439
0.284883
0.282492
0.292145
0.292428
0.289391
0.292428
0.292145
0.297626
0.297626
0.297872
0.292428
0.313749
0.314126
0.308867
0.314126
0.313749
0.319073
0.319073
0.319402
0.314126
0.325140
0.330339
0.330141
0.340607
0.335293
0.335425
0.335548
0.330141
0.330339
0.330339
0.335524
0.335548
0.335425
0.340947
0.340607
0.346258
0.340607
0.340947
0.340947
0.346733
0.346258
0.351892
0.346258
0.346733
0.346733
0.352415
0.351892
0.357531
0.351892
0.352415
0.352415
0.358063
0.357531
0.363193
0.357531
0.358063
0.358063
0.363712
0.363193
0.368891
0.363193
0.363712
0.363712
0.369374
0.368891
0.374628
0.368891
0.369374
0.380404
0.374628
0.375045
0.375045
0.380724
0.380404
0.386224
0.380404
0.380724
0.380724
0.386409
0.386224
0.392075
0.386224
0.386409
0.403563
0.403819
0.397937
0.403819
0.403563
0.409371
0.409371
0.409780
0.403819
0.409780
0.409371
0.415294
0.415294
0.416068
0.409780
0.421333
0.423588
0.416068
0.423588
0.421333
0.426672
0.426672
0.428993
0.423588
0.428993
0.426672
0.431715
0.431715
0.433256
0.428993
0.436478
0.433256
0.431715
0.431715
0.438183
0.436478
0.436528
0.436478
0.438183
0.438183
0.438166
0.436528
0.433417
0.436528
0.438166
0.438166
0.431872
0.433417
0.429146
0.433417
0.431872
0.431872
0.427071
0.429146
0.423772
0.429146
0.427071
0.427071
0.422024
0.423772
0.416868
0.423772
0.422024
0.410866
0.410952
0.416868
0.410952
0.410866
0.405415
0.405415
0.405462
0.410952
0.405462
0.405415
0.399973
0.399973
0.400431
0.405462
0.400431
0.399973
0.393886
0.393886
0.394112
0.400431
0.380880
0.380482
0.386888
0.380482
0.380880
0.374673
0.374673
0.374259
0.380482
0.362194
0.361725
0.367913
0.361725
0.362194
0.347799
0.347799
0.347991
0.361725
0.453228
0.621762
0.241647
0.167082
0.097770
0.077149
0.077149
0.097770
0.044247
0.044247
0.097770
0.077883
0.077883
0.034149
0.044247
0.034149
0.077883
0.060656
0.060656
0.017051
0.034149
0.001456
0.017051
0.001456
0.031989
0.031989
0.025245
0.025245
0.000406
0.025245
0.077149
0.000406
0.077149
0.044247
0.000406
0.034149
0.017051
0.017051
0.017051
0.524188
0.621762
0.644797
0.644797
0.621762
0.453228
0.453228
0.457750
0.644797
0.175450
0.457750
0.453228
0.453228
0.167082
0.175450
0.175450
0.167082
0.077149
0.032412
0.025245
0.032412
0.044504
0.032412
0.044504
0.044504
0.055122
0.044504
0.125347
0.044504
0.055122
0.055122
0.130752
0.125347
0.125347
0.130752
0.295481
0.284133
0.295481
0.537845
0.537845
0.511187
0.284133
0.789967
0.511187
0.537845
0.537845
0.826339
0.789967
0.426284
0.555948
0.673083
0.555948
0.426284
0.403297
0.208158
0.403297
0.426284
0.673083
0.376849
0.426284
0.676615
0.378349
0.376849
0.426284
0.230068
0.208158
0.411076
0.426284
0.376849
0.130800
0.208158
0.230068
0.376849
0.355782
0.411076
0.244400
0.411076
0.355782
0.355782
0.250957
0.244400
0.250957
0.355782
0.376849
0.376849
0.238299
0.250957
0.238299
0.376849
0.378349
0.378349
0.233502
0.238299
0.233502
0.166982
0.168229
0.168229
0.166982
0.118227
0.137609
0.230068
0.238299
0.230068
0.137609
0.130800
0.117719
0.118227
0.069597
0.130800
0.137609
0.088504
0.088504
0.083492
0.130800
0.083492
0.088504
0.034407
0.034407
0.028397
0.083492
0.028397
0.034407
0.069597
0.069473
0.117719
0.069473
0.069597
0.012638
0.011523
0.012638
0.034407
0.069473
0.011523
0.011523
0.034407
0.069473
0.034407
0.041925
0.011523
0.011523
0.041925
0.071270
0.069473
0.071270
0.041925
0.086723
0.086723
0.109773
0.071270
0.014871
0.028397
0.028397
0.014871
0.055867
0.055867
0.083492
0.028397
0.013189
0.048489
0.028441
0.054577
0.054577
0.070191
0.048489
0.028441
0.048489
0.034931
0.070191
0.054577
0.073169
0.096781
0.070191
0.073169
0.073169
0.114011
0.096781
0.113162
0.096781
0.114011
0.034931
0.005677
0.028441
0.114011
0.165972
0.113162
0.165972
0.103317
0.113162
0.212088
0.103317
0.165972
0.524188
0.452448
0.621762
0.621762
0.452448
0.214336
0.403297
0.208158
0.212088
0.214336
0.241647
0.621762
0.241647
0.214336
0.109400
0.109400
0.087835
0.241647
0.087835
0.109400
0.026519
0.026519
0.002521
0.087835
0.002521
0.026519
0.002521
0.001143
0.001143
0.014532
0.014532
0.014532
0.017788
0.017788
0.049646
0.033465
0.008901
0.033465
0.049646
0.073583
0.073583
0.076991
0.033465
0.226464
0.076991
0.073583
0.073583
0.194761
0.226464
0.226464
0.194761
0.442869
0.442869
0.687671
0.226464
0.669939
0.766301
0.687671
0.844594
0.766301
0.669939
0.669939
0.782701
0.844594
0.844594
0.782701
0.919983
0.919983
0.918997
0.844594
0.935507
0.933382
0.918997
0.933382
0.935507
0.977729
0.977729
0.978303
0.933382
0.987702
0.978303
0.977729
0.977729
0.987780
0.987702
0.987702
0.987780
1.000000
1.000000
1.000000
0.987702
1.000000
1.000000
1.000000
1.000000
0.973755
1.000000
0.816442
0.751661
0.807089
0.657048
0.751661
0.816442
0.220870
0.559518
0.741337
0.741337
0.649998
0.220870
0.308335
0.220870
0.649998
0.649998
0.420543
0.308335
0.308335
0.420543
0.256462
0.256462
0.188332
0.308335
0.295481
0.130752
0.259652
0.295481
0.259652
0.667560
0.667560
0.537845
0.295481
0.826339
0.537845
0.795004
0.795004
0.979701
0.826339
0.826339
0.979701
0.902409
0.902409
0.766929
0.826339
0.766929
0.902409
0.676615
0.676615
0.902409
0.630677
0.630677
0.378349
0.676615
0.231802
0.233502
0.378349
0.166982
0.233502
0.231802
0.330763
0.263613
0.397966
0.331228
0.330763
0.397966
0.559518
0.220870
0.446121
0.446121
0.607589
0.559518
0.657048
0.559518
0.607589
0.607589
0.683348
0.657048
0.657048
0.683348
0.745757
0.745757
0.751661
0.657048
0.799362
0.807089
0.751661
0.807089
0.799362
0.961723
0.961723
0.973755
0.807089
0.973755
0.961723
1.000000
1.000000
1.000000
0.973755
0.918997
0.933382
0.905004
0.905004
0.888634
0.918997
0.844594
0.918997
0.888634
0.687671
0.766301
0.643559
0.643559
0.443164
0.687671
0.226464
0.687671
0.443164
0.076991
0.226464
0.178053
0.178053
0.065265
0.076991
0.033465
0.076991
0.065265
0.002054
0.008901
0.033465
0.008901
0.002054
0.002054
0.061705
0.024308
0.061171
0.024308
0.061705
0.061705
0.078552
0.061171
0.061171
0.078552
0.106794
0.106794
0.071689
0.061171
0.071689
0.106794
0.134278
0.134278
0.087401
0.071689
0.087401
0.134278
0.220870
0.220870
0.124809
0.087401
0.124809
0.220870
0.308335
0.308335
0.188332
0.139814
0.188332
0.130752
0.139814
0.079986
0.139814
0.130752
0.055122
0.079986
0.130752
0.055122
0.014686
0.014686
0.012638
0.053612
0.012638
0.012638
0.069597
0.053612
0.069597
0.118227
0.118105
0.118105
0.118227
0.166982
0.166982
0.166831
0.118105
0.118105
0.166831
0.263613
0.263613
0.173230
0.118105
0.173230
0.263613
0.270393
0.330763
0.270393
0.263613
0.270393
0.330763
0.331228
0.331228
0.233564
0.270393
0.233564
0.331228
0.220870
0.233564
0.220870
0.134278
0.106794
0.078552
0.095128
0.073464
0.095128
0.078552
0.078552
0.061705
0.073464
0.061705
0.033490
0.013851
0.083492
0.055867
0.103432
0.103432
0.130800
0.083492
0.208158
0.130800
0.103432
0.103432
0.212088
0.208158
0.002636
0.033490
0.002636
0.002636
0.212088
0.060228
0.103317
0.103317
0.060228
0.067376
0.045340
0.067376
0.060228
0.034931
0.045340
0.021116
0.021116
0.005677
0.034931
0.070741
0.067376
0.045340
0.045340
0.058874
0.070741
0.045340
0.034931
0.055859
0.055859
0.058874
0.045340
0.002166
0.013189
0.013851
0.013189
0.002166
0.002166
0.002581
0.013851
0.013851
0.002581
