0.078430
0.026004
0.032764
0.152387
0.152410
0.153403
0.153403
0.153449
0.152387
0.152336
0.152387
0.153449
0.153449
0.153403
0.157127
0.153449
0.153447
0.152336
0.152253
0.152336
0.153447
0.157127
0.157005
0.153449
0.153447
0.153449
0.157005
0.161750
0.157005
0.157127
0.157127
0.162152
0.161750
0.161750
0.162152
0.164433
0.157005
0.157224
0.153447
0.157224
0.157005
0.161750
0.164433
0.164723
0.161750
0.164723
0.164433
0.166787
0.161750
0.162558
0.157224
0.162558
0.161750
0.164723
0.153447
0.157224
0.157094
0.157094
0.157224
0.162558
0.166787
0.166797
0.164723
0.166797
0.166787
0.169128
0.164723
0.164594
0.162558
0.164594
0.164723
0.166797
0.169128
0.169132
0.166797
0.169132
0.169128
0.171467
0.166797
0.166814
0.164594
0.166814
0.166797
0.169132
0.162634
0.162558
0.164594
0.162558
0.162634
0.157094
0.164617
0.164594
0.166814
0.164594
0.164617
0.162634
0.169132
0.169202
0.166814
0.171467
0.171505
0.169132
0.169202
0.169132
0.171505
0.171505
0.171467
0.173671
0.166835
0.166814
0.169202
0.166814
0.166835
0.164617
0.173671
0.173732
0.171505
0.171505
0.171643
0.169202
0.171643
0.171505
0.173732
0.173732
0.173867
0.171643
0.173867
0.173732
0.175743
0.169247
0.169202
0.171643
0.169202
0.169247
0.166835
0.171709
0.171643
0.173867
0.171643
0.171709
0.169247
0.175743
0.175875
0.173867
0.175875
0.175743
0.177725
0.173920
0.173867
0.175875
0.173867
0.173920
0.171709
0.177725
0.177826
0.175875
0.177826
0.177725
0.179710
0.175875
0.175930
0.173920
0.175930
0.175875
0.177826
0.171709
0.173920
0.173864
0.173920
0.175930
0.175873
0.175873
0.173864
0.173920
0.177826
0.177865
0.175930
0.173864
0.171633
0.171709
0.169247
0.171709
0.171633
0.177865
0.177826
0.179744
0.179710
0.179744
0.177826
0.171633
0.169181
0.169247
0.166835
0.169247
0.169181
0.179744
0.179710
0.181816
0.169181
0.166775
0.166835
0.164617
0.166835
0.166775
0.166775
0.164538
0.164617
0.162634
0.164617
0.164538
0.186086
0.183938
0.184183
0.164538
0.162519
0.162634
0.157094
0.162634
0.162519
0.183938
0.186086
0.185456
0.188849
0.188141
0.190970
0.190970
0.192153
0.188849
0.186086
0.188141
0.186829
0.186829
0.185456
0.186086
0.188141
0.188849
0.187054
0.187054
0.186829
0.188141
0.188122
0.188849
0.192153
0.186800
0.187054
0.188849
0.188849
0.188122
0.186800
0.185218
0.186800
0.188122
0.188122
0.185849
0.185218
0.183672
0.183429
0.185849
0.185218
0.185849
0.183429
0.186479
0.186800
0.185218
0.187054
0.186800
0.186479
0.183429
0.183107
0.185218
0.183107
0.183429
0.181050
0.181050
0.180826
0.183107
0.180826
0.181050
0.178694
0.185000
0.185218
0.183107
0.185218
0.185000
0.186479
0.182964
0.183107
0.180826
0.183107
0.182964
0.185000
0.178694
0.178497
0.180826
0.176422
0.176342
0.178694
0.178497
0.178694
0.176342
0.180708
0.180826
0.178497
0.180826
0.180708
0.182964
0.176342
0.176162
0.178497
0.176162
0.176342
0.173982
0.171682
0.171610
0.173982
0.171610
0.171682
0.169297
0.173982
0.173831
0.176162
0.173831
0.173982
0.171610
0.178387
0.178497
0.176162
0.178497
0.178387
0.180708
0.176063
0.176162
0.173831
0.176162
0.176063
0.178387
0.171610
0.171509
0.173831
0.169297
0.169227
0.171610
0.171509
0.171610
0.169227
0.169227
0.169297
0.166909
0.173756
0.173831
0.171509
0.173831
0.173756
0.176063
0.166909
0.166844
0.169227
0.166844
0.166909
0.164528
0.169227
0.169189
0.171509
0.169189
0.169227
0.166844
0.171509
0.171472
0.173756
0.171472
0.171509
0.169189
0.164528
0.164468
0.166844
0.164468
0.164528
0.162162
0.166844
0.166866
0.169189
0.162162
0.162102
0.164468
0.166844
0.164468
0.164541
0.164541
0.166866
0.166844
0.164468
0.162102
0.162210
0.162210
0.164541
0.164468
0.159870
0.162210
0.162102
0.162102
0.159746
0.159870
0.157519
0.159870
0.159746
0.159746
0.157396
0.157519
0.155158
0.157519
0.157396
0.157396
0.155051
0.155158
0.152790
0.155158
0.155051
0.155051
0.152709
0.152790
0.150493
0.150384
0.152709
0.150384
0.150493
0.148160
0.150440
0.152790
0.152709
0.152709
0.150384
0.150440
0.148160
0.148091
0.150384
0.148134
0.150440
0.150384
0.150384
0.148091
0.148134
0.152790
0.150440
0.150581
0.150581
0.152953
0.152790
0.155158
0.152790
0.152953
0.148091
0.145821
0.145868
0.145868
0.148134
0.148091
0.143613
0.145868
0.145821
0.145821
0.143550
0.143613
0.148134
0.145868
0.145911
0.145911
0.145868
0.143613
0.150440
0.148134
0.148233
0.145911
0.148233
0.148134
0.148233
0.150581
0.150440
0.143613
0.143594
0.145911
0.148233
0.145911
0.145922
0.145922
0.145911
0.143594
0.150581
0.148233
0.148333
0.145922
0.148333
0.148233
0.148333
0.150722
0.150581
0.152953
0.150581
0.150722
0.148300
0.148333
0.145922
0.150689
0.150722
0.148333
0.148333
0.148300
0.150689
0.150722
0.153088
0.152953
0.152816
0.153032
0.150689
0.150722
0.150689
0.153032
0.153032
0.153088
0.150722
0.153032
0.152816
0.155139
0.145922
0.145867
0.148300
0.155139
0.155357
0.153032
0.153088
0.153032
0.155357
0.155357
0.155139
0.157467
0.145867
0.145922
0.143506
0.143506
0.143416
0.145867
0.143594
0.143506
0.145922
0.143416
0.141038
0.141133
0.138887
0.141133
0.141038
0.143416
0.143506
0.141151
0.141151
0.141038
0.143416
0.143506
0.143594
0.141319
0.141319
0.141151
0.143506
0.141038
0.138747
0.138887
0.136650
0.138887
0.138747
0.141038
0.141151
0.138875
0.138875
0.138747
0.141038
0.138747
0.136490
0.136650
0.134421
0.136650
0.136490
0.138747
0.138875
0.136618
0.136618
0.136490
0.138747
0.139101
0.138875
0.141151
0.141151
0.141319
0.139101
0.136871
0.136618
0.138875
0.138875
0.139101
0.136871
0.136490
0.134257
0.134421
0.136490
0.136618
0.134380
0.134380
0.134257
0.136490
0.134257
0.134380
0.132156
0.132156
0.132046
0.134257
0.134633
0.134380
0.136618
0.136618
0.136871
0.134633
0.132394
0.132156
0.134380
0.134380
0.134633
0.132394
0.132046
0.132156
0.129953
0.129953
0.129858
0.132046
0.129858
0.129953
0.127685
0.127685
0.127610
0.129858
0.130168
0.129953
0.132156
0.132156
0.132394
0.130168
0.127899
0.127685
0.129953
0.129953
0.130168
0.127899
0.127610
0.127685
0.126401
0.126401
0.126337
0.127610
0.126337
0.124629
0.124851
0.124078
0.124851
0.124629
0.124629
0.123898
0.124078
0.123334
0.123898
0.124629
0.124109
0.124629
0.126337
0.124629
0.124109
0.123334
0.126337
0.126401
0.124109
0.123106
0.123334
0.124109
0.124109
0.124702
0.123106
0.124702
0.124109
0.126401
0.123282
0.123106
0.124702
0.126687
0.126401
0.127685
0.126401
0.126687
0.124702
0.127685
0.127899
0.126687
0.124702
0.124858
0.123282
0.124858
0.124702
0.126687
0.123638
0.123282
0.124858
0.126803
0.126687
0.127899
0.126687
0.126803
0.124858
0.124858
0.124622
0.123638
0.126694
0.124622
0.124858
0.124622
0.126694
0.126481
0.124858
0.126803
0.126694
0.127735
0.126481
0.126694
0.126694
0.127926
0.127735
0.127926
0.126694
0.126803
0.129998
0.127735
0.127926
0.127899
0.128006
0.126803
0.126803
0.128006
0.127926
0.128006
0.127899
0.130168
0.127926
0.130205
0.129998
0.130205
0.127926
0.128006
0.132201
0.129998
0.130205
0.130168
0.130277
0.128006
0.128006
0.130277
0.130205
0.130277
0.130168
0.132394
0.130205
0.132435
0.132201
0.132435
0.130205
0.130277
0.132394
0.132516
0.130277
0.130277
0.132516
0.132435
0.132516
0.132394
0.134633
0.134672
0.132435
0.132516
0.134633
0.134761
0.132516
0.132516
0.134761
0.134672
0.134761
0.134633
0.136871
0.136902
0.134672
0.134761
0.136871
0.136993
0.134761
0.134761
0.136993
0.136902
0.136993
0.136871
0.139101
0.139116
0.136902
0.136993
0.139101
0.139204
0.136993
0.136993
0.139204
0.139116
0.139204
0.139101
0.141319
0.141310
0.139116
0.139204
0.141310
0.143550
0.143444
0.141319
0.141387
0.139204
0.139204
0.141387
0.141310
0.143550
0.141310
0.141387
0.141387
0.141319
0.143594
0.141387
0.143613
0.143550
0.143594
0.143613
0.141387
0.010545
0.010545
0.012648
0.012648
0.012648
0.078488
0.125192
0.071139
0.125192
0.078488
0.059351
0.056737
0.071139
0.018933
0.071139
0.056737
0.078488
0.018933
0.010865
0.056737
0.059351
0.078488
0.012648
0.059351
0.012648
0.053385
0.078488
0.056737
0.078488
0.053385
0.034608
0.056737
0.010865
0.056737
0.034608
0.053385
0.053385
0.034608
0.053385
0.053385
0.059612
0.065266
0.016667
0.016667
0.028856
0.028856
0.016667
0.065266
0.103303
0.103303
0.028856
0.016667
0.130053
0.065266
0.059612
0.103303
0.065266
0.130053
0.059612
0.121605
0.130053
0.130053
0.227791
0.103303
0.049149
0.028856
0.103303
0.006681
0.006681
0.011895
0.006681
0.062993
0.006681
0.011895
0.148307
0.106058
0.113061
0.106058
0.148307
0.121047
0.218464
0.207866
0.148307
0.121047
0.148307
0.207866
0.207866
0.203248
0.121047
0.217933
0.207866
0.343274
0.672008
0.654421
0.343274
0.343274
0.322526
0.217933
0.472207
0.439491
0.758830
0.153289
0.152351
0.152275
0.152275
0.153247
0.153289
0.157148
0.153289
0.153247
0.153247
0.152275
0.152253
0.153247
0.157226
0.157148
0.162294
0.157148
0.157226
0.152253
0.153324
0.153247
0.157226
0.153247
0.153324
0.153447
0.153324
0.152253
0.157094
0.153324
0.153447
0.153324
0.157094
0.157226
0.162519
0.157226
0.157094
0.157226
0.162519
0.162294
0.164483
0.162294
0.162519
0.162519
0.164538
0.164483
0.166767
0.164483
0.164538
0.164538
0.166775
0.166767
0.169139
0.166767
0.166775
0.166775
0.169181
0.169139
0.171522
0.169139
0.169181
0.169181
0.171633
0.171522
0.173745
0.171522
0.171633
0.171633
0.173864
0.173745
0.175745
0.173745
0.173864
0.173745
0.175745
0.175678
0.173864
0.175873
0.175745
0.177668
0.175678
0.175745
0.175745
0.177719
0.177668
0.177719
0.175745
0.175873
0.179694
0.177668
0.177719
0.175873
0.177820
0.177719
0.177820
0.175873
0.175930
0.177719
0.179702
0.179694
0.179702
0.177719
0.177820
0.175930
0.177865
0.177820
0.181879
0.179694
0.179702
0.179735
0.177820
0.177865
0.177820
0.179735
0.179702
0.179702
0.181807
0.181879
0.181807
0.179702
0.179735
0.177865
0.179753
0.179735
0.179744
0.179753
0.177865
0.179735
0.181727
0.181807
0.181727
0.179735
0.179753
0.181879
0.181807
0.183939
0.181807
0.181727
0.183669
0.183669
0.183939
0.181807
0.179753
0.181697
0.181727
0.181734
0.181697
0.179753
0.179753
0.179744
0.181734
0.181816
0.181734
0.179744
0.181727
0.181697
0.183564
0.183564
0.181697
0.181734
0.183564
0.183669
0.181727
0.183667
0.181734
0.181816
0.181734
0.183667
0.183564
0.181816
0.183938
0.183667
0.185456
0.183667
0.183938
0.185256
0.183564
0.183667
0.183667
0.185456
0.185256
0.183669
0.183564
0.185256
0.186524
0.185256
0.185456
0.185456
0.186829
0.186524
0.185256
0.185489
0.183669
0.185489
0.185256
0.186524
0.183939
0.183669
0.185489
0.185489
0.186117
0.183939
0.186943
0.186524
0.186829
0.186829
0.187054
0.186943
0.186524
0.186960
0.185489
0.186117
0.185489
0.186960
0.186960
0.186524
0.186943
0.186479
0.186943
0.187054
0.186960
0.188243
0.186117
0.186869
0.186117
0.188243
0.186943
0.187524
0.186960
0.188243
0.186960
0.187524
0.187524
0.186943
0.186479
0.187524
0.189034
0.188243
0.186479
0.186933
0.187524
0.189034
0.187524
0.186933
0.186933
0.186479
0.185000
0.186933
0.188215
0.189034
0.185000
0.185241
0.186933
0.188215
0.186933
0.185241
0.185241
0.185000
0.182964
0.190998
0.188215
0.185860
0.185241
0.185860
0.188215
0.185860
0.186596
0.190998
0.183407
0.185860
0.185241
0.185241
0.183089
0.183407
0.182964
0.183089
0.185241
0.183407
0.181010
0.181166
0.181010
0.183407
0.183089
0.178780
0.181166
0.181010
0.180788
0.183089
0.182964
0.183089
0.180788
0.181010
0.182964
0.180708
0.180788
0.181010
0.178650
0.178780
0.178650
0.181010
0.180788
0.178454
0.180788
0.180708
0.180788
0.178454
0.178650
0.180708
0.178387
0.178454
0.176306
0.178650
0.178454
0.176124
0.178454
0.178387
0.178454
0.176124
0.176306
0.178387
0.176063
0.176124
0.176306
0.173970
0.174059
0.173970
0.176306
0.176124
0.173814
0.176124
0.176063
0.176124
0.173814
0.173970
0.176063
0.173756
0.173814
0.171637
0.173970
0.173814
0.171528
0.173814
0.173756
0.173814
0.171528
0.171637
0.173756
0.171472
0.171528
0.169310
0.171637
0.171528
0.171528
0.169257
0.169310
0.169257
0.171528
0.171472
0.166985
0.169310
0.169257
0.171472
0.169202
0.169257
0.169189
0.169202
0.171472
0.169257
0.166988
0.166985
0.166988
0.169257
0.169202
0.166931
0.169202
0.169189
0.169202
0.166931
0.166988
0.169189
0.166866
0.166931
0.166985
0.166988
0.164708
0.164708
0.166988
0.166931
0.164650
0.166931
0.166866
0.166931
0.164650
0.164708
0.166866
0.164541
0.164650
0.164708
0.164659
0.166985
0.162414
0.164708
0.164650
0.164659
0.164708
0.162414
0.162348
0.164650
0.164541
0.164650
0.162348
0.162414
0.164541
0.162210
0.162348
0.162414
0.162333
0.164659
0.160103
0.162414
0.162348
0.162333
0.162414
0.160103
0.160028
0.162348
0.162210
0.162348
0.160028
0.160103
0.162210
0.159870
0.160028
0.160103
0.160006
0.162333
0.157777
0.160103
0.160028
0.160006
0.160103
0.157777
0.157686
0.160028
0.159870
0.160028
0.157686
0.157777
0.159870
0.157519
0.157686
0.159808
0.160006
0.157681
0.157777
0.157681
0.160006
0.157681
0.157467
0.159808
0.157467
0.157681
0.155357
0.157681
0.157777
0.155439
0.155439
0.155357
0.157681
0.155439
0.157777
0.157686
0.155357
0.155439
0.153088
0.157686
0.155327
0.155439
0.153088
0.155439
0.155327
0.155327
0.157686
0.157519
0.155327
0.152953
0.153088
0.157519
0.155158
0.155327
0.152953
0.155327
0.155158
0.019569
0.095663
0.086585
0.190813
0.086585
0.095663
0.095663
0.177357
0.190813
0.177357
0.095663
0.090523
0.090523
0.095663
0.019569
0.451684
0.381238
0.299692
0.381238
0.177357
0.171349
0.090523
0.171349
0.177357
0.298066
0.299692
0.381238
0.171349
0.356456
0.381238
0.381238
0.356456
0.298066
0.196377
0.299692
0.298066
0.180520
0.299692
0.196377
0.212212
0.298066
0.356456
0.298066
0.212212
0.196377
0.356456
0.171349
0.212212
0.151176
0.212212
0.171349
0.138433
0.196377
0.212212
0.212212
0.151176
0.138433
0.079945
0.151176
0.171349
0.138433
0.151176
0.079945
0.171349
0.090523
0.079945
0.196377
0.138433
0.140927
0.140927
0.180520
0.196377
0.017332
0.079945
0.090523
0.180520
0.140927
0.087954
0.090523
0.016196
0.017332
0.019569
0.016196
0.090523
0.016196
0.017332
0.016196
0.019569
0.019569
0.138433
0.097703
0.140927
0.019569
0.082410
0.097703
0.064556
0.064556
0.060710
0.082410
0.097703
0.138433
0.072119
0.072119
0.064556
0.097703
0.079945
0.072119
0.138433
0.060710
0.064556
0.043998
0.043998
0.064556
0.072119
0.036742
0.060710
0.043998
0.011457
0.072119
0.079945
0.079945
0.017332
0.011457
0.011457
0.017332
0.011457
0.072119
0.025847
0.043998
0.072119
0.011457
0.025847
0.043998
0.019395
0.036742
0.043998
0.025847
0.009569
0.009569
0.019395
0.043998
0.025847
0.011457
0.009569
0.025847
0.025847
0.009569
0.019395
0.009569
0.019395
0.009569
0.009569
0.011457
0.011457
0.047421
0.002609
0.002609
0.002609
0.008362
0.047421
0.008362
0.002609
0.008362
0.002609
0.008362
0.020515
0.008362
0.047421
0.008362
0.020515
0.025119
0.025119
0.062367
0.025119
0.062367
0.025119
0.061654
0.061654
0.025119
0.061654
0.072174
0.107588
0.135104
0.107588
0.072174
0.001882
0.061654
0.072174
0.087868
0.135104
0.024094
0.072174
0.061654
0.087868
0.072174
0.024094
0.061654
0.001882
0.024094
0.024094
0.039772
0.087868
0.125177
0.087868
0.039772
0.024094
0.001882
0.039772
0.024094
0.039772
0.081239
0.125177
0.225209
0.125177
0.081239
0.184415
0.136829
0.116987
0.081239
0.123640
0.225209
0.123640
0.136829
0.225209
0.077426
0.116987
0.136829
0.123640
0.051963
0.136829
0.077426
0.136829
0.051963
0.123640
0.081239
0.008695
0.123640
0.008695
0.051963
0.008695
0.081239
0.039772
0.012702
0.077426
0.051963
0.012702
0.051963
0.051963
0.008695
0.012702
0.012702
0.008695
0.039772
0.008695
0.008695
0.039772
0.024724
0.024724
0.053491
0.024724
0.074556
0.067343
0.053491
0.067343
0.074556
0.119302
0.119302
0.167838
0.157694
0.263825
0.167838
0.119302
0.119302
0.074556
0.057858
0.053491
0.057858
0.074556
0.119302
0.173462
0.263825
0.057858
0.173462
0.119302
0.057858
0.053491
0.146671
0.146671
0.173462
0.057858
0.146671
0.053491
0.024724
0.173462
0.271022
0.263825
0.271022
0.173462
0.146671
0.271022
0.234094
0.332109
0.146671
0.234094
0.271022
0.234094
0.221612
0.332109
0.234094
0.146671
0.099221
0.024724
0.099221
0.146671
0.099221
0.159430
0.234094
0.099221
0.024724
0.018860
0.018860
0.024724
0.159430
0.099221
0.084632
0.018860
0.084632
0.099221
0.084632
0.125136
0.159430
0.125136
0.084632
0.073501
0.073501
0.095690
0.125136
0.073501
0.084632
0.018860
0.079273
0.095690
0.073979
0.073979
0.095690
0.073501
0.018860
0.002890
0.073501
0.002890
0.018860
0.002890
0.073501
0.054310
0.073979
0.054310
0.073501
0.002890
0.073979
0.054310
0.073979
0.002890
0.054310
0.054310
0.002890
0.002890
0.001882
0.001882
0.001882
0.007087
0.006605
0.006605
0.010385
0.007087
0.006605
0.007087
0.010385
0.013780
0.006605
0.013780
0.000916
0.013780
0.000916
0.000916
0.018031
0.013780
0.006605
0.000916
0.013780
0.018031
0.010385
0.010890
0.006605
0.006605
0.010890
0.018031
0.002348
0.000916
0.002348
0.018031
0.004983
0.000916
0.000916
0.004983
0.002348
0.017932
0.004983
0.018031
0.002348
0.004983
0.017932
0.044503
0.018031
0.010890
0.018031
0.044503
0.017932
0.010890
0.010385
0.044206
0.002900
0.044206
0.010385
0.010890
0.041875
0.044503
0.044206
0.041875
0.010890
0.055815
0.044206
0.002900
0.002900
0.029942
0.055815
0.058269
0.041875
0.044206
0.044206
0.055815
0.058269
0.060625
0.044503
0.041875
0.041875
0.058269
0.060625
0.017932
0.044503
0.060625
0.081871
0.055815
0.029942
0.058269
0.055815
0.081871
0.029942
0.084992
0.081871
0.081871
0.084992
0.230520
0.081871
0.085436
0.058269
0.060625
0.058269
0.085436
0.230520
0.198620
0.081871
0.085436
0.081871
0.198620
0.444854
0.198620
0.230520
0.198620
0.227212
0.085436
0.198620
0.444854
0.713826
0.713826
0.444854
0.672339
0.713826
0.227212
0.198620
0.672339
0.770057
0.848055
0.092473
0.085436
0.227212
0.085436
0.092473
0.060625
0.848055
0.785261
0.672339
0.051812
0.060625
0.092473
0.060625
0.051812
0.017932
0.920767
0.785261
0.848055
0.848055
0.921667
0.920767
0.791717
0.672339
0.785261
0.672339
0.791717
0.713826
0.785261
0.860452
0.791717
0.860452
0.785261
0.920767
0.713826
0.791717
0.803317
0.791717
0.860452
0.866014
0.866014
0.803317
0.791717
0.920767
0.929197
0.860452
0.866014
0.860452
0.929197
0.931225
0.920767
0.921667
0.921667
0.930613
0.931225
0.937107
0.929197
0.920767
0.920767
0.931225
0.937107
0.929197
0.931243
0.866014
0.931243
0.929197
0.937107
0.975826
0.931225
0.930613
0.931225
0.975826
0.975432
0.975432
0.937107
0.931225
0.987529
0.986692
0.975826
0.975432
0.975826
0.986692
1.000000
0.986692
0.987529
0.987529
1.000000
1.000000
0.986692
0.985075
0.975432
1.000000
1.000000
1.000000
1.000000
0.974795
1.000000
0.986692
1.000000
1.000000
1.000000
0.985075
0.986692
1.000000
1.000000
1.000000
1.000000
1.000000
1.000000
0.901001
1.000000
0.974795
0.985733
1.000000
1.000000
1.000000
0.901001
0.985733
0.985733
0.901001
0.817684
1.000000
0.985733
1.000000
0.817684
0.951982
0.985733
1.000000
0.985733
0.951982
0.817684
0.786766
0.908147
0.908147
0.951982
0.817684
0.908147
0.786766
0.742489
0.951982
0.908147
1.000000
0.742489
0.880138
0.908147
0.880138
0.742489
0.650914
1.000000
0.908147
0.880138
0.307775
0.419906
0.650914
0.650914
0.779609
0.880138
0.779609
0.650914
0.419906
0.250706
0.419906
0.307775
0.419906
0.640458
0.779609
0.640458
0.419906
0.250706
0.640458
0.250706
0.634233
0.247262
0.634233
0.250706
0.640458
0.887120
0.779609
0.640458
0.634233
0.887120
0.880138
0.779609
0.887120
0.646415
0.247262
0.256591
0.646415
0.634233
0.247262
0.838036
0.634233
0.646415
0.634233
0.838036
0.887120
0.646415
0.778197
0.838036
0.778197
0.973535
0.838036
0.786973
0.973535
0.778197
0.838036
0.973535
0.887120
0.887120
1.000000
0.880138
1.000000
0.887120
0.973535
0.880138
1.000000
1.000000
0.973535
1.000000
1.000000
1.000000
1.000000
1.000000
0.901584
0.973535
0.786973
0.786973
0.778155
0.901584
0.991852
1.000000
0.973535
0.973535
0.901584
0.991852
1.000000
1.000000
1.000000
1.000000
1.000000
0.991852
0.863384
0.991852
0.901584
0.901584
0.628825
0.863384
0.991852
0.995853
1.000000
0.995853
0.991852
0.863384
0.628825
0.364224
0.362168
1.000000
0.995853
1.000000
0.232547
0.362168
0.364224
0.590747
0.362168
0.232547
0.362168
0.590747
0.628825
0.232547
0.427561
0.590747
0.478511
0.628825
0.590747
0.590747
0.427561
0.478511
0.863384
0.628825
0.478511
0.478511
0.427561
0.399024
0.399024
0.447423
0.478511
0.695994
0.478511
0.447423
0.478511
0.695994
0.863384
0.561319
0.608932
0.447423
0.447423
0.608932
0.695994
0.608932
0.561319
0.658939
0.889535
0.863384
0.695994
0.863384
0.889535
0.995853
0.748187
0.695994
0.608932
0.695994
0.748187
0.889535
0.658939
0.684659
0.608932
0.608932
0.684659
0.748187
0.747146
0.684659
0.658939
0.786952
0.748187
0.684659
0.684659
0.747146
0.786952
0.889535
0.748187
0.786952
0.786952
0.747146
0.800648
0.786952
0.930748
0.889535
0.995853
0.889535
0.930748
0.930748
1.000000
0.995853
0.800648
0.843488
0.786952
0.930748
0.786952
0.843488
0.962548
0.800648
0.808826
0.968444
0.843488
0.800648
0.800648
0.962548
0.968444
0.843488
0.949287
0.930748
0.949287
0.843488
0.968444
1.000000
0.968444
0.962548
0.962548
1.000000
1.000000
0.952165
1.000000
1.000000
1.000000
0.972596
0.952165
0.952165
0.972596
0.955730
1.000000
1.000000
0.952165
0.968444
1.000000
1.000000
0.900678
0.955730
0.977697
0.955730
0.942738
0.952165
0.955730
0.900678
0.874528
0.874528
0.942738
0.955730
0.900678
0.888548
0.864680
0.864680
0.874528
0.900678
0.864680
0.888548
0.788930
0.932389
0.942738
0.874528
0.942738
0.932389
0.939491
0.939491
0.952165
0.942738
0.952165
0.939491
1.000000
0.874528
0.868678
0.932389
0.868678
0.874528
0.864680
0.939491
0.932389
0.939873
0.939873
0.932389
0.868678
1.000000
0.939491
0.945263
0.939873
0.945263
0.939491
0.864680
0.861631
0.868678
0.788930
0.763350
0.864680
0.861631
0.864680
0.763350
0.763350
0.788930
0.645355
0.868678
0.861631
0.872602
0.763350
0.776057
0.861631
0.872602
0.861631
0.776057
0.645355
0.647930
0.763350
0.776057
0.763350
0.647930
0.872602
0.887256
0.868678
0.868678
0.887256
0.939873
0.776057
0.803315
0.872602
0.887256
0.872602
0.923487
0.923487
0.872602
0.803315
0.967288
0.939873
0.887256
0.923487
0.931175
0.887256
0.887256
0.931175
0.967288
0.937632
0.931175
0.923487
0.967288
0.931175
0.937632
0.923487
0.931243
0.937632
0.939873
0.967288
0.977079
0.977079
0.945263
0.939873
0.931243
0.923487
0.864091
0.803315
0.864091
0.923487
0.864091
0.866014
0.931243
0.937107
0.937632
0.931243
0.803317
0.866014
0.864091
0.973431
0.937632
0.937107
0.937632
0.973431
0.967288
0.937107
0.975432
0.973431
0.967288
0.973431
0.980260
0.980260
0.973431
0.975432
0.980260
0.977079
0.967288
0.975432
0.985075
0.980260
0.980260
0.985075
1.000000
0.977079
0.980260
1.000000
1.000000
1.000000
0.980260
1.000000
1.000000
0.977079
0.945263
0.977079
1.000000
1.000000
1.000000
1.000000
1.000000
1.000000
1.000000
1.000000
1.000000
1.000000
1.000000
1.000000
1.000000
1.000000
1.000000
0.945263
0.945263
1.000000
1.000000
1.000000
1.000000
1.000000
1.000000
1.000000
1.000000
1.000000
1.000000
1.000000
1.000000
1.000000
1.000000
1.000000
1.000000
1.000000
1.000000
1.000000
1.000000
1.000000
1.000000
0.968444
0.968444
1.000000
0.949287
1.000000
1.000000
1.000000
1.000000
1.000000
1.000000
1.000000
1.000000
1.000000
1.000000
0.949287
1.000000
1.000000
1.000000
1.000000
0.930748
0.949287
1.000000
1.000000
1.000000
0.930748
1.000000
1.000000
1.000000
0.951982
1.000000
1.000000
1.000000
1.000000
0.951982
1.000000
1.000000
1.000000
1.000000
1.000000
1.000000
1.000000
1.000000
1.000000
1.000000
1.000000
1.000000
1.000000
1.000000
1.000000
1.000000
1.000000
1.000000
0.803317
0.730468
0.713826
0.227212
0.713826
0.730468
0.730468
0.803317
0.801760
0.864091
0.801760
0.803317
0.801760
0.864091
0.803315
0.730468
0.259076
0.227212
0.227212
0.259076
0.092473
0.801760
0.726887
0.730468
0.259076
0.730468
0.726887
0.803315
0.699101
0.801760
0.726887
0.801760
0.699101
0.699101
0.803315
0.776057
0.107461
0.092473
0.259076
0.092473
0.107461
0.051812
0.726887
0.251072
0.259076
0.259076
0.251072
0.107461
0.699101
0.562006
0.726887
0.251072
0.726887
0.562006
0.776057
0.668872
0.699101
0.562006
0.699101
0.668872
0.647930
0.668872
0.776057
0.562006
0.213064
0.251072
0.668872
0.647930
0.518859
0.668872
0.532927
0.562006
0.518859
0.532927
0.668872
0.562006
0.532927
0.202806
0.202806
0.213064
0.562006
0.532927
0.518859
0.203770
0.203770
0.202806
0.532927
0.443337
0.518859
0.647930
0.647930
0.645355
0.443337
0.691667
0.443337
0.645355
0.518859
0.443337
0.180555
0.180555
0.203770
0.518859
0.088629
0.203770
0.180555
0.202806
0.203770
0.088629
0.180555
0.070892
0.088629
0.088629
0.101900
0.202806
0.213064
0.202806
0.101900
0.088629
0.070892
0.023422
0.101900
0.101324
0.213064
0.251072
0.213064
0.101324
0.101324
0.107461
0.251072
0.049195
0.101900
0.088629
0.101324
0.101900
0.049195
0.107461
0.101324
0.049887
0.049195
0.049887
0.101324
0.049887
0.051812
0.107461
0.088629
0.039796
0.049195
0.023422
0.039796
0.088629
0.051812
0.049887
0.017479
0.017479
0.017932
0.051812
0.017932
0.017479
0.002348
0.049887
0.049195
0.013128
0.013128
0.017479
0.049887
0.002348
0.017479
0.017479
0.013128
0.002348
0.012766
0.013128
0.049195
0.013128
0.012766
0.049195
0.039796
0.012766
0.012766
0.039796
0.023422
0.012766
0.012766
0.012766
0.000986
0.000986
0.023422
0.000986
0.012766
0.660126
0.660144
0.660152
0.660152
0.660098
0.660126
0.660146
0.660052
0.660206
0.660206
0.660176
0.660146
0.660176
0.660206
0.660195
0.660190
0.660224
0.660170
0.660170
0.660173
0.660190
0.660178
0.660190
0.660173
0.660173
0.660165
0.660178
0.660165
0.660173
0.660161
0.660161
0.660155
0.660165
0.660155
0.660161
0.660150
0.660150
0.660148
0.660155
0.660148
0.660150
0.660141
0.660139
0.660155
0.660148
0.660138
0.660148
0.660141
0.660148
0.660138
0.660139
0.087954
0.057570
0.051649
0.180520
0.087954
0.051649
0.090046
0.180520
0.051649
0.051649
0.028968
0.090046
0.028968
0.051649
0.011650
0.022343
0.047421
0.090046
0.090046
0.028968
0.022343
0.022343
0.022343
0.028968
0.028968
0.011650
0.028968
0.011650
0.004906
0.004906
0.005133
0.005133
0.096312
0.079503
0.073619
0.069349
0.073619
0.079503
0.060620
0.073619
0.069349
0.060620
0.048911
0.033113
0.072760
0.079503
0.072503
0.079503
0.072760
0.069349
0.072503
0.068619
0.072760
0.069349
0.061538
0.060620
0.048911
0.060620
0.061538
0.069349
0.072760
0.061818
0.061818
0.061538
0.069349
0.061818
0.072760
0.068619
0.061538
0.054862
0.048911
0.054862
0.061538
0.061818
0.061619
0.068619
0.072503
0.068619
0.061619
0.061818
0.072503
0.061204
0.061619
0.061818
0.053268
0.054862
0.048911
0.054862
0.053268
0.061818
0.061619
0.055544
0.061818
0.055544
0.053268
0.055544
0.061619
0.061204
0.053268
0.044442
0.048911
0.044442
0.053268
0.055544
0.033113
0.048911
0.044442
0.044442
0.026271
0.033113
0.061204
0.050864
0.055544
0.055544
0.050864
0.044442
0.026271
0.044442
0.050864
0.020515
0.497706
0.451684
0.337656
0.451684
0.497706
0.506794
0.203248
0.207866
0.217933
0.217933
0.216049
0.203248
0.203248
0.216049
0.357424
0.357424
0.370102
0.203248
0.099948
0.106058
0.078430
0.078430
0.076971
0.099948
0.032764
0.076971
0.078430
0.173732
0.173671
0.175678
0.175678
0.175743
0.173732
0.175743
0.175678
0.177668
0.177668
0.177725
0.175743
0.177725
0.177668
0.179694
0.179694
0.179710
0.177725
0.179710
0.179694
0.181879
0.181879
0.181816
0.179710
0.183938
0.181816
0.181879
0.181879
0.184183
0.183938
0.184183
0.186869
0.186086
0.188141
0.186086
0.186869
0.186869
0.190970
0.188141
0.192153
0.190998
0.188122
0.185849
0.188122
0.190998
0.190998
0.186596
0.185849
0.185849
0.186596
0.183672
0.183429
0.183672
0.181166
0.181166
0.181050
0.183429
0.181050
0.181166
0.178780
0.178780
0.178694
0.181050
0.178694
0.178780
0.176422
0.176342
0.176422
0.174059
0.174059
0.173982
0.176342
0.173982
0.174059
0.171682
0.162102
0.162162
0.159808
0.159808
0.159746
0.162102
0.159746
0.159808
0.157467
0.157467
0.157396
0.159746
0.157396
0.157467
0.155139
0.155139
0.155051
0.157396
0.155051
0.155139
0.152816
0.152816
0.152709
0.155051
0.152709
0.152816
0.150493
0.148091
0.148160
0.145808
0.145808
0.145821
0.148091
0.143550
0.145821
0.145808
0.145808
0.143444
0.143550
0.150493
0.150689
0.148300
0.150689
0.150493
0.152816
0.148300
0.148160
0.150493
0.148160
0.148300
0.145867
0.145867
0.145808
0.148160
0.143444
0.145808
0.145867
0.145867
0.143416
0.143444
0.141133
0.143444
0.143416
0.132201
0.134421
0.134257
0.134257
0.132046
0.132201
0.129998
0.132201
0.132046
0.132046
0.129858
0.129998
0.127735
0.129998
0.129858
0.129858
0.127610
0.127735
0.126481
0.127735
0.127610
0.127610
0.126337
0.126481
0.124851
0.126481
0.126337
0.124851
0.124078
0.123638
0.123638
0.124622
0.124851
0.126481
0.124851
0.124622
0.134421
0.132201
0.132435
0.132435
0.134672
0.134421
0.136650
0.134421
0.134672
0.134672
0.136902
0.136650
0.138887
0.136650
0.136902
0.136902
0.139116
0.138887
0.141133
0.138887
0.139116
0.139116
0.141310
0.141133
0.143444
0.141133
0.141310
0.010545
0.059612
0.059612
0.018933
0.018933
0.010865
0.018933
0.010865
0.010865
0.012648
0.086585
0.086585
0.059351
0.012648
0.125192
0.059351
0.086585
0.086585
0.190813
0.125192
0.190813
0.468656
0.303487
0.303487
0.125192
0.190813
0.125192
0.303487
0.121605
0.121605
0.071139
0.125192
0.121605
0.059612
0.071139
0.059612
0.018933
0.071139
0.010865
0.034608
0.034608
0.016667
0.010545
0.016667
0.016667
0.010545
0.059612
0.130053
0.121605
0.303487
0.303487
0.316949
0.130053
0.227791
0.130053
0.316949
0.316949
0.439491
0.227791
0.227791
0.439491
0.472207
0.472207
0.256591
0.227791
0.103303
0.227791
0.256591
0.256591
0.116987
0.103303
0.103303
0.116987
0.049149
0.028856
0.049149
0.028856
0.026004
0.006681
0.026004
0.020515
0.074042
0.020515
0.026004
0.006681
0.062993
0.026004
0.011895
0.067343
0.062993
0.026004
0.078430
0.074042
0.032764
0.026004
0.062993
0.114845
0.074042
0.078430
0.062993
0.064533
0.032764
0.076971
0.032764
0.064533
0.064533
0.099948
0.076971
0.099948
0.064533
0.062993
0.062993
0.106058
0.099948
0.106058
0.062993
0.067343
0.067343
0.113061
0.106058
0.113061
0.157694
0.148307
0.148307
0.157694
0.218464
0.121047
0.078430
0.106058
0.078430
0.121047
0.114845
0.207866
0.218464
0.364224
0.114845
0.121047
0.203248
0.203248
0.182676
0.114845
0.182676
0.203248
0.370102
0.370102
0.337656
0.182676
0.337656
0.370102
0.497706
0.364224
0.343274
0.207866
0.343274
0.364224
0.672008
0.654421
0.672008
0.778155
0.370102
0.343274
0.654421
0.654421
0.497706
0.370102
0.343274
0.370102
0.357424
0.497706
0.654421
0.760527
0.778155
0.760527
0.654421
0.760527
0.778155
0.786973
0.760527
0.506794
0.497706
0.357424
0.322526
0.343274
0.322526
0.357424
0.216049
0.216049
0.217933
0.322526
0.786973
0.758830
0.760527
0.760527
0.758830
0.506794
0.758830
0.786973
0.472207
0.506794
0.758830
0.439491
0.439491
0.316949
0.506794
0.506794
0.316949
0.303487
0.303487
0.468656
0.506794
0.506794
0.468656
0.451684
0.153403
0.152410
0.152351
0.152351
0.153289
0.153403
0.153403
0.153289
0.157148
0.157148
0.157127
0.153403
0.162152
0.157127
0.157148
0.157148
0.162294
0.162152
0.164433
0.162152
0.162294
0.162294
0.164483
0.164433
0.166787
0.164433
0.164483
0.164483
0.166767
0.166787
0.169128
0.166787
0.166767
0.166767
0.169139
0.169128
0.171467
0.169128
0.169139
0.169139
0.171522
0.171467
0.173671
0.171467
0.171522
0.171522
0.173745
0.173671
0.175678
0.173671
0.173745
0.183939
0.184183
0.181879
0.184183
0.183939
0.186117
0.186117
0.186869
0.184183
0.188243
0.190970
0.186869
0.190970
0.188243
0.189034
0.189034
0.192153
0.190970
0.192153
0.189034
0.188215
0.188215
0.190998
0.192153
0.183672
0.186596
0.185860
0.185860
0.183407
0.183672
0.181166
0.183672
0.183407
0.176422
0.178780
0.178650
0.178650
0.176306
0.176422
0.174059
0.176422
0.176306
0.171682
0.174059
0.173970
0.173970
0.171637
0.171682
0.169297
0.171682
0.171637
0.171637
0.169310
0.169297
0.169297
0.169310
0.166985
0.166985
0.166909
0.169297
0.166909
0.166985
0.164659
0.164659
0.164528
0.166909
0.164528
0.164659
0.162333
0.162333
0.162162
0.164528
0.162162
0.162333
0.160006
0.160006
0.159808
0.162162
0.019569
0.086585
0.019569
0.468656
0.190813
0.177357
0.177357
0.381238
0.468656
0.451684
0.468656
0.381238
0.299692
0.337656
0.451684
0.337656
0.299692
0.180520
0.180520
0.182676
0.337656
0.140927
0.096312
0.087954
0.096312
0.140927
0.097703
0.097703
0.082410
0.096312
0.026271
0.036742
0.019395
0.019395
0.026271
0.004906
0.047421
0.004906
0.020515
0.074042
0.047421
0.061654
0.079273
0.062367
0.107588
0.079273
0.061654
0.221612
0.135104
0.087868
0.087868
0.125177
0.221612
0.307775
0.221612
0.125177
0.125177
0.225209
0.307775
0.307775
0.225209
0.136829
0.136829
0.184415
0.307775
0.049149
0.116987
0.077426
0.049149
0.077426
0.012702
0.012702
0.049149
0.011895
0.011895
0.053491
0.053491
0.067343
0.011895
0.119302
0.113061
0.067343
0.157694
0.113061
0.119302
0.331585
0.263825
0.271022
0.332109
0.331585
0.271022
0.135104
0.221612
0.234094
0.234094
0.159430
0.135104
0.107588
0.135104
0.159430
0.159430
0.125136
0.107588
0.107588
0.125136
0.095690
0.095690
0.079273
0.107588
0.073979
0.062367
0.079273
0.062367
0.073979
0.062367
0.007087
0.007087
0.010385
0.010385
0.002900
0.230520
0.691667
0.444854
0.672339
0.444854
0.691667
0.691667
0.770057
0.672339
0.930613
0.977697
0.975826
0.975826
0.977697
0.987529
0.974795
0.808826
0.901001
0.817684
0.901001
0.808826
0.808826
0.753489
0.817684
0.817684
0.753489
0.658939
0.658939
0.786766
0.817684
0.786766
0.658939
0.561319
0.561319
0.742489
0.786766
0.742489
0.561319
0.221612
0.221612
0.650914
0.742489
0.650914
0.221612
0.307775
0.307775
0.184415
0.250706
0.184415
0.116987
0.250706
0.247262
0.250706
0.116987
0.256591
0.247262
0.116987
0.256591
0.472207
0.646415
0.778197
0.646415
0.472207
0.778197
0.472207
0.786973
0.778155
0.672008
0.901584
0.628825
0.901584
0.672008
0.672008
0.364224
0.628825
0.364224
0.218464
0.232547
0.232547
0.218464
0.157694
0.157694
0.167838
0.232547
0.232547
0.167838
0.263825
0.263825
0.427561
0.232547
0.427561
0.263825
0.399024
0.331585
0.399024
0.263825
0.399024
0.331585
0.332109
0.332109
0.447423
0.399024
0.447423
0.332109
0.221612
0.447423
0.221612
0.561319
0.658939
0.753489
0.747146
0.800648
0.747146
0.753489
0.753489
0.808826
0.800648
0.808826
0.974795
0.962548
1.000000
0.962548
0.974795
0.974795
1.000000
1.000000
0.972596
1.000000
1.000000
1.000000
0.987529
0.972596
0.955730
0.972596
0.987529
0.987529
0.977697
0.955730
0.977697
0.930613
0.900678
0.900678
0.930613
0.921667
0.921667
0.888548
0.900678
0.888548
0.921667
0.848055
0.848055
0.788930
0.888548
0.788930
0.848055
0.770057
0.770057
0.645355
0.788930
0.645355
0.770057
0.691667
0.443337
0.691667
0.230520
0.230520
0.180555
0.443337
0.180555
0.230520
0.084992
0.084992
0.070892
0.180555
0.070892
0.084992
0.029942
0.029942
0.023422
0.070892
0.000986
0.002900
0.000986
0.023422
0.029942
0.029942
0.002900
0.000986
0.660144
0.660126
0.660141
0.660126
0.660138
0.660141
0.660138
0.660126
0.660098
0.660098
0.660152
0.660170
0.660098
0.660139
0.660138
0.660170
0.660052
0.660098
0.660139
0.660098
0.660052
0.660052
0.660170
0.660224
0.660052
0.660146
0.660139
0.660155
0.660139
0.660146
0.660146
0.660165
0.660155
0.660224
0.660206
0.660052
0.660206
0.660224
0.660195
0.660165
0.660146
0.660176
0.660176
0.660178
0.660165
0.660178
0.660176
0.660195
0.660224
0.660190
0.660195
0.660190
0.660178
0.660195
0.660173
0.660170
0.660152
0.660152
0.660161
0.660173
0.660161
0.660152
0.660144
0.660144
0.660150
0.660161
0.660150
0.660144
0.660141
0.051649
0.057570
0.033113
0.182676
0.180520
0.090046
0.090046
0.114845
0.182676
0.074042
0.114845
0.090046
0.090046
0.047421
0.074042
0.033113
0.011650
0.051649
0.011650
0.033113
0.026271
0.026271
0.011650
0.047421
0.022343
0.004906
0.004906
0.022343
0.005133
0.005133
0.022343
0.005133
0.073619
0.087954
0.096312
0.057570
0.087954
0.073619
0.079503
0.096312
0.082410
0.073619
0.060620
0.057570
0.033113
0.057570
0.060620
0.082410
0.072503
0.079503
0.061204
0.072503
0.082410
0.082410
0.060710
0.061204
0.050864
0.061204
0.060710
0.050864
0.036742
0.026271
0.060710
0.036742
0.050864
